{
  "camera_angle_x": 0.6451795264042304,
  "camera_angle_y": 1.0737503636912973,
  "fl_x": 1615.4796519369568,
  "fl_y": 1612.9304986405773,
  "k1": 0.019634796910802117,
  "k2": -0.04413739357041822,
  "k3": 0,
  "k4": 0,
  "p1": 0.0017100655728675166,
  "p2": 0.0021284606337193244,
  "is_fisheye": false,
  "cx": 539.3717810995774,
  "cy": 985.2199217947593,
  "w": 1080.0,
  "h": 1920.0,
  "aabb_scale": 32,
  "frames": [
    {
      "file_path": "./images/frame_0012.jpg",
      "sharpness": 254.7028964040828,
      "transform_matrix": [
        [
          0.6577687857794198,
          -0.3461674207850504,
          0.6689606425691939,
          3.344691811612205
        ],
        [
          0.748093458424638,
          0.40368514140965306,
          -0.5266825268302919,
          -2.5939145172647784
        ],
        [
          -0.08772913970764216,
          0.8468804068139539,
          0.5244970683112463,
          2.254052161191321
        ],
        [
          0.0,
          0.0,
          0.0,
          1.0
        ]
      ]
    },
    {
      "file_path": "./images/frame_0036.jpg",
      "sharpness": 311.6108824592905,
      "transform_matrix": [
        [
          0.5188558789075458,
          -0.40006929478811765,
          0.755468818917175,
          3.9529724190416693
        ],
        [
          0.8503947662880466,
          0.3317768688269371,
          -0.4083538303754485,
          -1.973028529843994
        ],
        [
          -0.0872772502943923,
          0.8543235152656936,
          0.512361213316759,
          2.186293572797723
        ],
        [
          0.0,
          0.0,
          0.0,
          1.0
        ]
      ]
    },
    {
      "file_path": "./images/frame_0042.jpg",
      "sharpness": 320.84171755012665,
      "transform_matrix": [
        [
          0.4788863732997175,
          -0.41209395256739684,
          0.7751428357344979,
          4.000789609239414
        ],
        [
          0.8737826790616297,
          0.30892842440898477,
          -0.3755889486727105,
          -1.7714476013073643
        ],
        [
          -0.0846857205362006,
          0.8571708131448463,
          0.5080221706738507,
          2.1129462826095224
        ],
        [
          0.0,
          0.0,
          0.0,
          1.0
        ]
      ]
    },
    {
      "file_path": "./images/frame_0120.jpg",
      "sharpness": 79.93451379031629,
      "transform_matrix": [
        [
          -0.2927117916111056,
          -0.4782816298133031,
          0.8279894260799726,
          3.5324636759890464
        ],
        [
          0.9561749626627909,
          -0.1400523755306993,
          0.2571279309721658,
          1.2378560706016561
        ],
        [
          -0.0070176798590894296,
          0.8669671359153228,
          0.4983159012900163,
          1.9682930014692703
        ],
        [
          0.0,
          0.0,
          0.0,
          1.0
        ]
      ]
    },
    {
      "file_path": "./images/frame_0024.jpg",
      "sharpness": 270.13643076034356,
      "transform_matrix": [
        [
          0.5936198694590604,
          -0.3724250276686821,
          0.7133828210818399,
          3.699539480802271
        ],
        [
          0.799344455083169,
          0.37540779323114526,
          -0.46916674105281747,
          -2.276606700003348
        ],
        [
          -0.09308003407352149,
          0.8487453019616634,
          0.5205454060129434,
          2.245654312599938
        ],
        [
          0.0,
          0.0,
          0.0,
          1.0
        ]
      ]
    },
    {
      "file_path": "./images/frame_0018.jpg",
      "sharpness": 283.97446504380963,
      "transform_matrix": [
        [
          0.6256722506607978,
          -0.36012108123809383,
          0.6919877467601958,
          3.5286945026433725
        ],
        [
          0.7745331179989549,
          0.39243511582828905,
          -0.4960777449036223,
          -2.439258873749113
        ],
        [
          -0.09291223767874661,
          0.8463495062718281,
          0.5244614660671121,
          2.2721781837463957
        ],
        [
          0.0,
          0.0,
          0.0,
          1.0
        ]
      ]
    },
    {
      "file_path": "./images/frame_0048.jpg",
      "sharpness": 265.75700182638275,
      "transform_matrix": [
        [
          0.43820252398767295,
          -0.4238735729728138,
          0.7926599158348986,
          3.979655745710781
        ],
        [
          0.8956087404259941,
          0.28100929792759194,
          -0.34484599251233117,
          -1.5441164949375512
        ],
        [
          -0.07657370347255098,
          0.8610255331130058,
          0.5027638604059221,
          2.0177406566094445
        ],
        [
          0.0,
          0.0,
          0.0,
          1.0
        ]
      ]
    },
    {
      "file_path": "./images/frame_0030.jpg",
      "sharpness": 203.23144062493222,
      "transform_matrix": [
        [
          0.5599034478962812,
          -0.384941420902439,
          0.7337085467491589,
          3.828098655695433
        ],
        [
          0.8236356104947092,
          0.35496208960698955,
          -0.4422966154831567,
          -2.1454293861087415
        ],
        [
          -0.09018043129216276,
          0.8519518868288047,
          0.5157959600531032,
          2.21889746070466
        ],
        [
          0.0,
          0.0,
          0.0,
          1.0
        ]
      ]
    },
    {
      "file_path": "./images/frame_0054.jpg",
      "sharpness": 253.23970932489078,
      "transform_matrix": [
        [
          0.40137822343342433,
          -0.43358652242398615,
          0.8067826531296998,
          3.9324206113291136
        ],
        [
          0.9130888910336875,
          0.25853536912674796,
          -0.315322279552802,
          -1.3453139131388185
        ],
        [
          -0.07186236039784058,
          0.8632277744272948,
          0.4996735040820693,
          1.9582714415797287
        ],
        [
          0.0,
          0.0,
          0.0,
          1.0
        ]
      ]
    },
    {
      "file_path": "./images/frame_0132.jpg",
      "sharpness": 35.12690876948959,
      "transform_matrix": [
        [
          -0.4519915232575229,
          -0.4510585243210375,
          0.7695777222645982,
          3.2084637382607557
        ],
        [
          0.8920187058958079,
          -0.2261265213969673,
          0.39136865568653234,
          1.8519037548864459
        ],
        [
          -0.0025082350191804187,
          0.8633730387397153,
          0.5045599120032648,
          1.9730862513316036
        ],
        [
          0.0,
          0.0,
          0.0,
          1.0
        ]
      ]
    },
    {
      "file_path": "./images/frame_0114.jpg",
      "sharpness": 152.70570006900377,
      "transform_matrix": [
        [
          -0.21098166431520715,
          -0.4836309581755393,
          0.8494632621145484,
          3.6484213851082044
        ],
        [
          0.9773828541643115,
          -0.09150773649982184,
          0.1906543745821529,
          0.8893456133312405
        ],
        [
          -0.014473897503667626,
          0.8704754048915614,
          0.49199906080827926,
          1.9065916531884202
        ],
        [
          0.0,
          0.0,
          0.0,
          1.0
        ]
      ]
    },
    {
      "file_path": "./images/frame_0084.jpg",
      "sharpness": 264.6251344256922,
      "transform_matrix": [
        [
          0.14960043416403604,
          -0.4828413684693009,
          0.8628348179448485,
          3.9881844008935228
        ],
        [
          0.9878418864559879,
          0.1103097748574503,
          -0.1095452460629047,
          -0.5245959730842186
        ],
        [
          -0.04228613798834616,
          0.8687323906301647,
          0.4934733184989165,
          1.944892520837478
        ],
        [
          0.0,
          0.0,
          0.0,
          1.0
        ]
      ]
    },
    {
      "file_path": "./images/frame_0090.jpg",
      "sharpness": 295.76504376363044,
      "transform_matrix": [
        [
          0.08476292270550831,
          -0.48625093474017583,
          0.869698381891113,
          4.005024058162536
        ],
        [
          0.9956977576357123,
          0.07412664751391111,
          -0.05559870114104523,
          -0.2795025268279116
        ],
        [
          -0.037432904997688476,
          0.8706694370757337,
          0.4904421566627022,
          1.9342979758753498
        ],
        [
          0.0,
          0.0,
          0.0,
          1.0
        ]
      ]
    },
    {
      "file_path": "./images/frame_0102.jpg",
      "sharpness": 228.70167926175873,
      "transform_matrix": [
        [
          -0.0529988224665562,
          -0.4877173301884525,
          0.871391376315087,
          3.9990533308856326
        ],
        [
          0.9982106655527434,
          -0.0016803529566173706,
          0.05977159519118103,
          0.38368734523778647
        ],
        [
          -0.027687397752185816,
          0.8729999898704844,
          0.4869336974970512,
          1.8976771149184062
        ],
        [
          0.0,
          0.0,
          0.0,
          1.0
        ]
      ]
    },
    {
      "file_path": "./images/frame_0108.jpg",
      "sharpness": 267.5956331027111,
      "transform_matrix": [
        [
          -0.13028622167615925,
          -0.48472406334981627,
          0.8649092917273402,
          3.8236219255521817
        ],
        [
          0.9912569897902425,
          -0.045329378801969786,
          0.12391459805213997,
          0.6310629993098987
        ],
        [
          -0.02085858656214052,
          0.873491745749987,
          0.48639190941006955,
          1.8614257154200693
        ],
        [
          0.0,
          0.0,
          0.0,
          1.0
        ]
      ]
    },
    {
      "file_path": "./images/frame_0072.jpg",
      "sharpness": 289.511278542145,
      "transform_matrix": [
        [
          0.2708777760897281,
          -0.4695291881675709,
          0.8403377725323788,
          3.922632625786223
        ],
        [
          0.9614106710077068,
          0.1755912256004436,
          -0.2117952859854383,
          -0.9959174117451531
        ],
        [
          -0.04811187071084586,
          0.8652803378174995,
          0.49897413254540607,
          1.9741807750829008
        ],
        [
          0.0,
          0.0,
          0.0,
          1.0
        ]
      ]
    },
    {
      "file_path": "./images/frame_0096.jpg",
      "sharpness": 317.4904336250034,
      "transform_matrix": [
        [
          0.01744095738986632,
          -0.4885666988754676,
          0.8723522189004554,
          4.049196848398169
        ],
        [
          0.9993320748150787,
          0.03653996757485691,
          0.00048478492842654673,
          0.053178966789883514
        ],
        [
          -0.03211257156462306,
          0.8717610977700498,
          0.488877664890275,
          1.9265975125671309
        ],
        [
          0.0,
          0.0,
          0.0,
          1.0
        ]
      ]
    },
    {
      "file_path": "./images/frame_0138.jpg",
      "sharpness": 67.90236393630944,
      "transform_matrix": [
        [
          -0.5221857896369602,
          -0.43252964169884867,
          0.7350102789882501,
          3.070660114103722
        ],
        [
          0.8528234589027293,
          -0.2686350397687564,
          0.4478028174929583,
          2.033054006466459
        ],
        [
          0.0037615233244890863,
          0.8606702763100356,
          0.5091488254773746,
          2.010686207164017
        ],
        [
          0.0,
          0.0,
          0.0,
          1.0
        ]
      ]
    },
    {
      "file_path": "./images/frame_0078.jpg",
      "sharpness": 305.8205466442889,
      "transform_matrix": [
        [
          0.2131966876674749,
          -0.47717353511733707,
          0.8525565024187756,
          3.965062867536456
        ],
        [
          0.975934922188342,
          0.14492309745164567,
          -0.16293656274533339,
          -0.7864699764457505
        ],
        [
          -0.04580611343801178,
          0.8667771993264617,
          0.49658744120827597,
          1.9644627197162434
        ],
        [
          0.0,
          0.0,
          0.0,
          1.0
        ]
      ]
    },
    {
      "file_path": "./images/frame_0066.jpg",
      "sharpness": 316.7994108891073,
      "transform_matrix": [
        [
          0.32086640423177887,
          -0.45725045224489974,
          0.8294376255165293,
          3.8964906111765467
        ],
        [
          0.9456056358550083,
          0.2042343302949395,
          -0.2532159548078111,
          -1.1454433230573076
        ],
        [
          -0.05361652811729748,
          0.865569386191925,
          0.4979105398224512,
          1.9505719203203635
        ],
        [
          0.0,
          0.0,
          0.0,
          1.0
        ]
      ]
    },
    {
      "file_path": "./images/frame_0060.jpg",
      "sharpness": 255.8014851967271,
      "transform_matrix": [
        [
          0.36444537744274397,
          -0.4443363112619016,
          0.8183793798844625,
          3.89901629651853
        ],
        [
          0.9291878932457313,
          0.23160983594469708,
          -0.28803948156500797,
          -1.246808131791831
        ],
        [
          -0.06155831317917711,
          0.8654028694479633,
          0.49728105503434294,
          1.9404269822891387
        ],
        [
          0.0,
          0.0,
          0.0,
          1.0
        ]
      ]
    },
    {
      "file_path": "./images/frame_0144.jpg",
      "sharpness": 61.33940345232721,
      "transform_matrix": [
        [
          -0.5689105565604466,
          -0.41971451718771763,
          0.7072344043959251,
          2.957286074191635
        ],
        [
          0.8223586240114213,
          -0.29889501632861754,
          0.484136409216417,
          2.1960111906002684
        ],
        [
          0.008189759602816368,
          0.8570306256710578,
          0.5152003829247671,
          2.0594039504226678
        ],
        [
          0.0,
          0.0,
          0.0,
          1.0
        ]
      ]
    },
    {
      "file_path": "./images/frame_0150.jpg",
      "sharpness": 69.80063512644942,
      "transform_matrix": [
        [
          -0.6028502292798964,
          -0.4075236016222138,
          0.6859271938357092,
          2.8422777096827834
        ],
        [
          0.7977497649321084,
          -0.32180130110207467,
          0.5099404231484166,
          2.2861060149409074
        ],
        [
          0.012919505583427795,
          0.8546159586570881,
          0.519099845550362,
          2.075107691357559
        ],
        [
          0.0,
          0.0,
          0.0,
          1.0
        ]
      ]
    },
    {
      "file_path": "./images/frame_0126.jpg",
      "sharpness": 87.57485242180893,
      "transform_matrix": [
        [
          -0.3759178851480737,
          -0.4666637780231272,
          0.8005689614094941,
          3.3800549201420016
        ],
        [
          0.9266375460640655,
          -0.18432352973327004,
          0.3276701002716662,
          1.5967130116400832
        ],
        [
          -0.005348070176096649,
          0.8650143089759331,
          0.5017186895846952,
          1.9749459355754635
        ],
        [
          0.0,
          0.0,
          0.0,
          1.0
        ]
      ]
    },
    {
      "file_path": "./images/frame_0006.jpg",
      "sharpness": 320.46602066186193,
      "transform_matrix": [
        [
          0.6838157642019792,
          -0.3381799703707015,
          0.6465526338467965,
          3.223025380621257
        ],
        [
          0.7251904301636529,
          0.41286629048054374,
          -0.5510356305947007,
          -2.7077528792993517
        ],
        [
          -0.08059057430903543,
          0.8456806335004359,
          0.52756935612405,
          2.2660525419313116
        ],
        [
          0.0,
          0.0,
          0.0,
          1.0
        ]
      ]
    },
    {
      "file_path": "./images/frame_0168.jpg",
      "sharpness": 59.596502668433594,
      "transform_matrix": [
        [
          -0.702218025105896,
          -0.36127832122056386,
          0.6134882394127218,
          2.5986639435170256
        ],
        [
          0.7112558558532261,
          -0.3943481173488816,
          0.5818974736660195,
          2.2542578033539273
        ],
        [
          0.031700989819539914,
          0.8449659975512466,
          0.5338796777299089,
          2.020810295531948
        ],
        [
          0.0,
          0.0,
          0.0,
          1.0
        ]
      ]
    },
    {
      "file_path": "./images/frame_0156.jpg",
      "sharpness": 58.43319678663139,
      "transform_matrix": [
        [
          -0.6362951328765225,
          -0.39255113486276927,
          0.6641024849079361,
          2.732937775475003
        ],
        [
          0.771190801107263,
          -0.3458014984813867,
          0.53449609160084,
          2.2586232308448015
        ],
        [
          0.01983058708875227,
          0.8522469889806137,
          0.5227636345954989,
          2.0345288610193
        ],
        [
          0.0,
          0.0,
          0.0,
          1.0
        ]
      ]
    },
    {
      "file_path": "./images/frame_0162.jpg",
      "sharpness": 59.514935857263794,
      "transform_matrix": [
        [
          -0.6697976512618284,
          -0.3769586717484946,
          0.6397446883117075,
          2.658345940196487
        ],
        [
          0.7420913737858134,
          -0.36988809071576095,
          0.5590019618036608,
          2.23153695423217
        ],
        [
          0.02591330427885628,
          0.8491672156882585,
          0.5274879529694547,
          2.0097424921992775
        ],
        [
          0.0,
          0.0,
          0.0,
          1.0
        ]
      ]
    },
    {
      "file_path": "./images/frame_0180.jpg",
      "sharpness": 43.145246280617194,
      "transform_matrix": [
        [
          -0.76689298028811,
          -0.3244799963770648,
          0.553703791572042,
          2.3821558496727566
        ],
        [
          0.6401529521424704,
          -0.448061589761059,
          0.624055293740131,
          2.2805478622030044
        ],
        [
          0.045599941656609244,
          0.8330387408682625,
          0.5513321155164432,
          2.075186113192246
        ],
        [
          0.0,
          0.0,
          0.0,
          1.0
        ]
      ]
    },
    {
      "file_path": "./images/frame_0186.jpg",
      "sharpness": 49.234185894386556,
      "transform_matrix": [
        [
          -0.7972325216170708,
          -0.30158214545833334,
          0.5229421727898127,
          2.19627775679551
        ],
        [
          0.601288184084724,
          -0.47362186107036264,
          0.6435331012444889,
          2.3294441400407533
        ],
        [
          0.05359875176212257,
          0.8274844665073041,
          0.5589245311891116,
          2.0870704273686616
        ],
        [
          0.0,
          0.0,
          0.0,
          1.0
        ]
      ]
    },
    {
      "file_path": "./images/frame_0174.jpg",
      "sharpness": 47.93863382493009,
      "transform_matrix": [
        [
          -0.7342686830691837,
          -0.3440181147830414,
          0.5852358822135428,
          2.514978748261696
        ],
        [
          0.6776980871582408,
          -0.4218559193047243,
          0.6022980043223087,
          2.2608539424752183
        ],
        [
          0.03968379711675647,
          0.8388618003614224,
          0.5428960086490712,
          2.0614288930433324
        ],
        [
          0.0,
          0.0,
          0.0,
          1.0
        ]
      ]
    },
    {
      "file_path": "./images/frame_0198.jpg",
      "sharpness": 53.09876494063578,
      "transform_matrix": [
        [
          -0.8576424189180873,
          -0.24782525010836157,
          0.45059086402894927,
          1.8103802140176604
        ],
        [
          0.5095973360537289,
          -0.5271336363596104,
          0.6800299144201272,
          2.513103197330678
        ],
        [
          0.068993017043663,
          0.8128424046992383,
          0.5783832542426138,
          2.150449733835156
        ],
        [
          0.0,
          0.0,
          0.0,
          1.0
        ]
      ]
    },
    {
      "file_path": "./images/frame_0192.jpg",
      "sharpness": 53.56325278218143,
      "transform_matrix": [
        [
          -0.8280072562537784,
          -0.27623225287534797,
          0.48795463531745964,
          1.9667865913875116
        ],
        [
          0.5574184653620423,
          -0.4997696009816531,
          0.6629592750758325,
          2.4405945547006067
        ],
        [
          0.06073415927095024,
          0.8209300143484873,
          0.5677898145491402,
          2.1011785816461606
        ],
        [
          0.0,
          0.0,
          0.0,
          1.0
        ]
      ]
    },
    {
      "file_path": "./images/frame_0222.jpg",
      "sharpness": 73.90666177880738,
      "transform_matrix": [
        [
          -0.9619312859172939,
          -0.09132247634596234,
          0.2575818443773504,
          1.2823198372818119
        ],
        [
          0.25778006903875905,
          -0.6162075156639292,
          0.7442027503622043,
          2.826821734268825
        ],
        [
          0.09076143033734745,
          0.7822713742658264,
          0.616290402191757,
          2.3046771069973584
        ],
        [
          0.0,
          0.0,
          0.0,
          1.0
        ]
      ]
    },
    {
      "file_path": "./images/frame_0204.jpg",
      "sharpness": 53.70044511953155,
      "transform_matrix": [
        [
          -0.8877161021023406,
          -0.2137160304395739,
          0.4077812899909375,
          1.7420303056249762
        ],
        [
          0.4540896940145574,
          -0.5524865524979262,
          0.698971500920982,
          2.5554748610414038
        ],
        [
          0.07591226451302695,
          0.805657537475043,
          0.5874974557157313,
          2.168039718118224
        ],
        [
          0.0,
          0.0,
          0.0,
          1.0
        ]
      ]
    },
    {
      "file_path": "./images/frame_0210.jpg",
      "sharpness": 73.98644097217667,
      "transform_matrix": [
        [
          -0.917314194234929,
          -0.17493950554546414,
          0.3576742072332397,
          1.6772186721322955
        ],
        [
          0.3898965718271759,
          -0.5767764325678907,
          0.717850687895945,
          2.6059363825519117
        ],
        [
          0.08071760887354848,
          0.7979505725795013,
          0.5972935219840294,
          2.2143981863464792
        ],
        [
          0.0,
          0.0,
          0.0,
          1.0
        ]
      ]
    },
    {
      "file_path": "./images/frame_0216.jpg",
      "sharpness": 75.37236688361264,
      "transform_matrix": [
        [
          -0.9421564164165487,
          -0.13403973976689182,
          0.3072045495002405,
          1.5173944477198427
        ],
        [
          0.32400604531103866,
          -0.5988468305040039,
          0.7323950820412565,
          2.7012937192930426
        ],
        [
          0.08579842458126807,
          0.7895668570822265,
          0.6076370698064518,
          2.249645431152418
        ],
        [
          0.0,
          0.0,
          0.0,
          1.0
        ]
      ]
    },
    {
      "file_path": "./images/frame_0234.jpg",
      "sharpness": 86.34582171705378,
      "transform_matrix": [
        [
          -0.9875541586348601,
          0.00012624243385455232,
          0.15727926720053179,
          0.9043820474559565
        ],
        [
          0.12120347012600295,
          -0.6366770774989183,
          0.7615458080889551,
          2.896016794551469
        ],
        [
          0.10023224358871097,
          0.771130522732772,
          0.628737794570486,
          2.357297200683478
        ],
        [
          0.0,
          0.0,
          0.0,
          1.0
        ]
      ]
    },
    {
      "file_path": "./images/frame_0342.jpg",
      "sharpness": 163.56946263502246,
      "transform_matrix": [
        [
          -0.5381536037713202,
          0.6378491072567928,
          -0.5509439310718907,
          -2.1429019360818855
        ],
        [
          -0.8424585975837249,
          -0.3872393362184675,
          0.37457870714090535,
          1.2581522737055202
        ],
        [
          0.025577531785357994,
          0.6657283326619698,
          0.7457557086775709,
          2.9647762643708777
        ],
        [
          0.0,
          0.0,
          0.0,
          1.0
        ]
      ]
    },
    {
      "file_path": "./images/frame_0240.jpg",
      "sharpness": 73.63198580425157,
      "transform_matrix": [
        [
          -0.9936471752974083,
          0.047071260080642115,
          0.10222322418705666,
          0.7122276365757128
        ],
        [
          0.04834512190859581,
          -0.6417086823521427,
          0.7654232268376288,
          2.9039644558155335
        ],
        [
          0.10162696628110228,
          0.7655026214894501,
          0.6353563537760386,
          2.346723020360463
        ],
        [
          0.0,
          0.0,
          0.0,
          1.0
        ]
      ]
    },
    {
      "file_path": "./images/frame_0252.jpg",
      "sharpness": 154.71688123263536,
      "transform_matrix": [
        [
          -0.9899981164795078,
          0.14095835181900268,
          -0.005871327344953239,
          0.2066231729402713
        ],
        [
          -0.09547656767500816,
          -0.6387640185919221,
          0.7634557967415705,
          2.9928695095918103
        ],
        [
          0.1038650781460243,
          0.7563803749721099,
          0.6458333948976892,
          2.4110175340620663
        ],
        [
          0.0,
          0.0,
          0.0,
          1.0
        ]
      ]
    },
    {
      "file_path": "./images/frame_0258.jpg",
      "sharpness": 165.60453800012817,
      "transform_matrix": [
        [
          -0.980859482429275,
          0.1868352758993876,
          -0.05483844886090373,
          0.04498745603281968
        ],
        [
          -0.16274933629604257,
          -0.6320282757350846,
          0.7576627958449207,
          3.0011423650563653
        ],
        [
          0.10689868722284342,
          0.7520856589439826,
          0.6503382445674954,
          2.4740627049442443
        ],
        [
          0.0,
          0.0,
          0.0,
          1.0
        ]
      ]
    },
    {
      "file_path": "./images/frame_0264.jpg",
      "sharpness": 165.92831779807764,
      "transform_matrix": [
        [
          -0.9678043385821598,
          0.23171052957736044,
          -0.09831069509378071,
          -0.08537578643169921
        ],
        [
          -0.2248677272081238,
          -0.6204548389030862,
          0.7513123838610715,
          2.916767893216237
        ],
        [
          0.11308964385561578,
          0.7492302872972395,
          0.6525831051409539,
          2.50738541288259
        ],
        [
          0.0,
          0.0,
          0.0,
          1.0
        ]
      ]
    },
    {
      "file_path": "./images/frame_0246.jpg",
      "sharpness": 125.17803818495472,
      "transform_matrix": [
        [
          -0.9941311417578733,
          0.0953069456751853,
          0.05118455976707831,
          0.44272553428079375
        ],
        [
          -0.022021105196879328,
          -0.6415082124307138,
          0.7668000288933657,
          2.9425868723213036
        ],
        [
          0.10591668413770186,
          0.7611726476486452,
          0.6398420559475043,
          2.3592689714252595
        ],
        [
          0.0,
          0.0,
          0.0,
          1.0
        ]
      ]
    },
    {
      "file_path": "./images/frame_0270.jpg",
      "sharpness": 186.78950904673835,
      "transform_matrix": [
        [
          -0.9503785625734398,
          0.27627852783795503,
          -0.14300616392949378,
          -0.25766193379939817
        ],
        [
          -0.28807607238659955,
          -0.6080236394844014,
          0.7398104016215651,
          2.7906682810032457
        ],
        [
          0.1174426003780985,
          0.7442966001018653,
          0.657441865688167,
          2.554747699696104
        ],
        [
          0.0,
          0.0,
          0.0,
          1.0
        ]
      ]
    },
    {
      "file_path": "./images/frame_0318.jpg",
      "sharpness": 215.71705898531175,
      "transform_matrix": [
        [
          -0.7308592894893188,
          0.5325940694702687,
          -0.42683516279421235,
          -1.527428898941573
        ],
        [
          -0.6781813855141798,
          -0.4962090002043743,
          0.5420762275356219,
          1.9442414964113344
        ],
        [
          0.07690713460410081,
          0.6856531085956843,
          0.7238543412775562,
          2.8190581928178267
        ],
        [
          0.0,
          0.0,
          0.0,
          1.0
        ]
      ]
    },
    {
      "file_path": "./images/frame_0312.jpg",
      "sharpness": 233.03341277748507,
      "transform_matrix": [
        [
          -0.7684739920031323,
          0.5035941269693859,
          -0.3947666132818304,
          -1.4677823830486572
        ],
        [
          -0.6336543375016929,
          -0.5130560146214604,
          0.5790126997113638,
          2.09369619191901
        ],
        [
          0.08905000969934422,
          0.6951017775745885,
          0.713374806571901,
          2.79483917955497
        ],
        [
          0.0,
          0.0,
          0.0,
          1.0
        ]
      ]
    },
    {
      "file_path": "./images/frame_0282.jpg",
      "sharpness": 131.5481760294279,
      "transform_matrix": [
        [
          -0.9067994799073642,
          0.3557099596422765,
          -0.2262413046203505,
          -0.6099932581053441
        ],
        [
          -0.4042127438458783,
          -0.5812803612345215,
          0.7062047857078416,
          2.5680745581075843
        ],
        [
          0.11969444854743191,
          0.7318357508998257,
          0.6708872280481407,
          2.701360494768151
        ],
        [
          0.0,
          0.0,
          0.0,
          1.0
        ]
      ]
    },
    {
      "file_path": "./images/frame_0306.jpg",
      "sharpness": 237.8623263283979,
      "transform_matrix": [
        [
          -0.8008634917734284,
          0.4759766486645047,
          -0.36340596794201496,
          -1.4038751054928411
        ],
        [
          -0.5906632328350515,
          -0.5278634254072377,
          0.6103090606366504,
          2.2190659411836298
        ],
        [
          0.09866414228010992,
          0.7034247892186113,
          0.7038884521052934,
          2.8092958493517903
        ],
        [
          0.0,
          0.0,
          0.0,
          1.0
        ]
      ]
    },
    {
      "file_path": "./images/frame_0228.jpg",
      "sharpness": 58.590041885410635,
      "transform_matrix": [
        [
          -0.9771697025392155,
          -0.04631552486286651,
          0.20735053571522963,
          1.0683894776698537
        ],
        [
          0.18978638092913078,
          -0.6289769780605745,
          0.7539025737352397,
          2.901061267477824
        ],
        [
          0.09550131995539285,
          0.7760430614775236,
          0.6234073024000231,
          2.367942511485052
        ],
        [
          0.0,
          0.0,
          0.0,
          1.0
        ]
      ]
    },
    {
      "file_path": "./images/frame_0276.jpg",
      "sharpness": 130.9227832409871,
      "transform_matrix": [
        [
          -0.9299938969181409,
          0.3168027780661604,
          -0.18640641504483663,
          -0.4293310647056213
        ],
        [
          -0.3477846561636207,
          -0.5942251086134765,
          0.7252188312719564,
          2.6748799964587167
        ],
        [
          0.11898396822658298,
          0.7392783779760888,
          0.6628048696474721,
          2.667788123279338
        ],
        [
          0.0,
          0.0,
          0.0,
          1.0
        ]
      ]
    },
    {
      "file_path": "./images/frame_0288.jpg",
      "sharpness": 154.93552644433976,
      "transform_matrix": [
        [
          -0.8823905710231775,
          0.3897349077518472,
          -0.2636163536549742,
          -0.8468709598602406
        ],
        [
          -0.4556982388205276,
          -0.5683676271575228,
          0.6850528122241413,
          2.517186856072385
        ],
        [
          0.11715799317052303,
          0.7246136502443549,
          0.6791237461480131,
          2.731364001418165
        ],
        [
          0.0,
          0.0,
          0.0,
          1.0
        ]
      ]
    },
    {
      "file_path": "./images/frame_0336.jpg",
      "sharpness": 82.69380063540173,
      "transform_matrix": [
        [
          -0.5940477355455042,
          0.6134573129781503,
          -0.5203627706823202,
          -2.0082042081761604
        ],
        [
          -0.8035029356622277,
          -0.42145478162465927,
          0.42042704412168924,
          1.4596896592551634
        ],
        [
          0.0386046669067178,
          0.6678667473751545,
          0.74327901054036,
          2.9353431348864336
        ],
        [
          0.0,
          0.0,
          0.0,
          1.0
        ]
      ]
    },
    {
      "file_path": "./images/frame_0330.jpg",
      "sharpness": 169.92832367029777,
      "transform_matrix": [
        [
          -0.6439983053368095,
          0.5883886911132473,
          -0.4889426663307801,
          -1.7634938957132373
        ],
        [
          -0.7632728475603002,
          -0.450914336448965,
          0.46269949358410706,
          1.6647395740445339
        ],
        [
          0.05177589145858363,
          0.671174350972385,
          0.7394891802634914,
          2.84811007820113
        ],
        [
          0.0,
          0.0,
          0.0,
          1.0
        ]
      ]
    },
    {
      "file_path": "./images/frame_0300.jpg",
      "sharpness": 253.5867191574849,
      "transform_matrix": [
        [
          -0.8307288725374987,
          0.44781554509913263,
          -0.3306822915812661,
          -1.3118870863496077
        ],
        [
          -0.5464161690949465,
          -0.5424277072853093,
          0.6381234618173931,
          2.332156902584708
        ],
        [
          0.10639036863202316,
          0.7107977349286625,
          0.6953040123204588,
          2.82110468204229
        ],
        [
          0.0,
          0.0,
          0.0,
          1.0
        ]
      ]
    },
    {
      "file_path": "./images/frame_0294.jpg",
      "sharpness": 174.50730029183768,
      "transform_matrix": [
        [
          -0.8569191154097525,
          0.4204453299958973,
          -0.2981867773649654,
          -1.1035957227391056
        ],
        [
          -0.502948452214428,
          -0.5553819291708132,
          0.6622641219080388,
          2.4349460100356515
        ],
        [
          0.11283830961388623,
          0.7174793636595708,
          0.6873797194218358,
          2.7923761162919223
        ],
        [
          0.0,
          0.0,
          0.0,
          1.0
        ]
      ]
    },
    {
      "file_path": "./images/frame_0324.jpg",
      "sharpness": 201.66649299458936,
      "transform_matrix": [
        [
          -0.6895817847734037,
          0.5602001210206308,
          -0.4589692654007376,
          -1.60641832748718
        ],
        [
          -0.7213694454072822,
          -0.4752703119092125,
          0.5037303384267403,
          1.8235495382373637
        ],
        [
          0.06405533062467238,
          0.6784496702579402,
          0.7318490005539117,
          2.836786359845656
        ],
        [
          0.0,
          0.0,
          0.0,
          1.0
        ]
      ]
    },
    {
      "file_path": "./images/frame_0354.jpg",
      "sharpness": 103.34314281726422,
      "transform_matrix": [
        [
          -0.4078533540682928,
          0.6858677138065067,
          -0.6026948820077823,
          -2.0695528131617786
        ],
        [
          -0.9130300103864752,
          -0.3104470656785675,
          0.26457290024915336,
          0.7620391628752913
        ],
        [
          -0.005642847389762698,
          0.6581854591416341,
          0.7528346828581662,
          2.9993326358619017
        ],
        [
          0.0,
          0.0,
          0.0,
          1.0
        ]
      ]
    },
    {
      "file_path": "./images/frame_0348.jpg",
      "sharpness": 122.66349679134036,
      "transform_matrix": [
        [
          -0.47583724382841036,
          0.6619856651507497,
          -0.5790974845274297,
          -2.1208278412404025
        ],
        [
          -0.8794836481918388,
          -0.3511216422306877,
          0.3212819710494311,
          1.0256456949330508
        ],
        [
          0.00935039952717004,
          0.6621846959468211,
          0.7492823223250378,
          2.9678316713905497
        ],
        [
          0.0,
          0.0,
          0.0,
          1.0
        ]
      ]
    },
    {
      "file_path": "./images/frame_0360.jpg",
      "sharpness": 169.19440152154723,
      "transform_matrix": [
        [
          -0.3368506875895188,
          0.7086537768360879,
          -0.6199527715170816,
          -2.080357685333362
        ],
        [
          -0.9413461629865328,
          -0.26743887240722114,
          0.20577621572255125,
          0.5495376453579999
        ],
        [
          -0.01997537770543656,
          0.6529060224561826,
          0.7571754817691045,
          3.0177843208278
        ],
        [
          0.0,
          0.0,
          0.0,
          1.0
        ]
      ]
    },
    {
      "file_path": "./images/frame_0366.jpg",
      "sharpness": 234.71397085470727,
      "transform_matrix": [
        [
          -0.26391637875458346,
          0.728952096863643,
          -0.6316462503399035,
          -2.1582873930837367
        ],
        [
          -0.9639122307328145,
          -0.22305033239111646,
          0.14533327445877556,
          0.36431513714530134
        ],
        [
          -0.03494791093113415,
          0.6472073777068605,
          0.7615124777898667,
          3.000075734890976
        ],
        [
          0.0,
          0.0,
          0.0,
          1.0
        ]
      ]
    },
    {
      "file_path": "./images/frame_0372.jpg",
      "sharpness": 216.06189812157868,
      "transform_matrix": [
        [
          -0.1901193974788097,
          0.7467946020271374,
          -0.6373009000077741,
          -2.271579876650593
        ],
        [
          -0.9804964150564156,
          -0.17736831645657655,
          0.08465967387065305,
          0.18999588307620724
        ],
        [
          -0.04981360025465831,
          0.6409666939568908,
          0.7659505875276462,
          3.0400650802457636
        ],
        [
          0.0,
          0.0,
          0.0,
          1.0
        ]
      ]
    },
    {
