{
  "camera_angle_x": 0.6451795264042304,
  "camera_angle_y": 1.0737503636912973,
  "fl_x": 1615.4796519369568,
  "fl_y": 1612.9304986405773,
  "k1": 0.019634796910802117,
  "k2": -0.04413739357041822,
  "k3": 0,
  "k4": 0,
  "p1": 0.0017100655728675166,
  "p2": 0.0021284606337193244,
  "is_fisheye": false,
  "cx": 539.3717810995774,
  "cy": 985.2199217947593,
  "w": 1080.0,
  "h": 1920.0,
  "aabb_scale": 32,
  "frames": [
    {
      "file_path": "./images/frame_0342.jpg",
      "sharpness": 163.56946263502246,
      "transform_matrix": [
        [
          -0.5381536037713202,
          0.6378491072567928,
          -0.5509439310718907,
          -2.1429019360818855
        ],
        [
          -0.8424585975837249,
          -0.3872393362184675,
          0.37457870714090535,
          1.2581522737055202
        ],
        [
          0.025577531785357994,
          0.6657283326619698,
          0.7457557086775709,
          2.9647762643708777
        ],
        [
          0.0,
          0.0,
          0.0,
          1.0
        ]
      ]
    },
    {
      "file_path": "./images/frame_0240.jpg",
      "sharpness": 73.63198580425157,
      "transform_matrix": [
        [
          -0.9936471752974083,
          0.047071260080642115,
          0.10222322418705666,
          0.7122276365757128
        ],
        [
          0.04834512190859581,
          -0.6417086823521427,
          0.7654232268376288,
          2.9039644558155335
        ],
        [
          0.10162696628110228,
          0.7655026214894501,
          0.6353563537760386,
          2.346723020360463
        ],
        [
          0.0,
          0.0,
          0.0,
          1.0
        ]
      ]
    },
    {
      "file_path": "./images/frame_0252.jpg",
      "sharpness": 154.71688123263536,
      "transform_matrix": [
        [
          -0.9899981164795078,
          0.14095835181900268,
          -0.005871327344953239,
          0.2066231729402713
        ],
        [
          -0.09547656767500816,
          -0.6387640185919221,
          0.7634557967415705,
          2.9928695095918103
        ],
        [
          0.1038650781460243,
          0.7563803749721099,
          0.6458333948976892,
          2.4110175340620663
        ],
        [
          0.0,
          0.0,
          0.0,
          1.0
        ]
      ]
    },
    {
      "file_path": "./images/frame_0258.jpg",
      "sharpness": 165.60453800012817,
      "transform_matrix": [
        [
          -0.980859482429275,
          0.1868352758993876,
          -0.05483844886090373,
          0.04498745603281968
        ],
        [
          -0.16274933629604257,
          -0.6320282757350846,
          0.7576627958449207,
          3.0011423650563653
        ],
        [
          0.10689868722284342,
          0.7520856589439826,
          0.6503382445674954,
          2.4740627049442443
        ],
        [
          0.0,
          0.0,
          0.0,
          1.0
        ]
      ]
    },
    {
      "file_path": "./images/frame_0264.jpg",
      "sharpness": 165.92831779807764,
      "transform_matrix": [
        [
          -0.9678043385821598,
          0.23171052957736044,
          -0.09831069509378071,
          -0.08537578643169921
        ],
        [
          -0.2248677272081238,
          -0.6204548389030862,
          0.7513123838610715,
          2.916767893216237
        ],
        [
          0.11308964385561578,
          0.7492302872972395,
          0.6525831051409539,
          2.50738541288259
        ],
        [
          0.0,
          0.0,
          0.0,
          1.0
        ]
      ]
    },
    {
      "file_path": "./images/frame_0246.jpg",
      "sharpness": 125.17803818495472,
      "transform_matrix": [
        [
          -0.9941311417578733,
          0.0953069456751853,
          0.05118455976707831,
          0.44272553428079375
        ],
        [
          -0.022021105196879328,
          -0.6415082124307138,
          0.7668000288933657,
          2.9425868723213036
        ],
        [
          0.10591668413770186,
          0.7611726476486452,
          0.6398420559475043,
          2.3592689714252595
        ],
        [
          0.0,
          0.0,
          0.0,
          1.0
        ]
      ]
    },
    {
      "file_path": "./images/frame_0270.jpg",
      "sharpness": 186.78950904673835,
      "transform_matrix": [
        [
          -0.9503785625734398,
          0.27627852783795503,
          -0.14300616392949378,
          -0.25766193379939817
        ],
        [
          -0.28807607238659955,
          -0.6080236394844014,
          0.7398104016215651,
          2.7906682810032457
        ],
        [
          0.1174426003780985,
          0.7442966001018653,
          0.657441865688167,
          2.554747699696104
        ],
        [
          0.0,
          0.0,
          0.0,
          1.0
        ]
      ]
    },
    {
      "file_path": "./images/frame_0318.jpg",
      "sharpness": 215.71705898531175,
      "transform_matrix": [
        [
          -0.7308592894893188,
          0.5325940694702687,
          -0.42683516279421235,
          -1.527428898941573
        ],
        [
          -0.6781813855141798,
          -0.4962090002043743,
          0.5420762275356219,
          1.9442414964113344
        ],
        [
          0.07690713460410081,
          0.6856531085956843,
          0.7238543412775562,
          2.8190581928178267
        ],
        [
          0.0,
          0.0,
          0.0,
          1.0
        ]
      ]
    },
    {
      "file_path": "./images/frame_0312.jpg",
      "sharpness": 233.03341277748507,
      "transform_matrix": [
        [
          -0.7684739920031323,
          0.5035941269693859,
          -0.3947666132818304,
          -1.4677823830486572
        ],
        [
          -0.6336543375016929,
          -0.5130560146214604,
          0.5790126997113638,
          2.09369619191901
        ],
        [
          0.08905000969934422,
          0.6951017775745885,
          0.713374806571901,
          2.79483917955497
        ],
        [
          0.0,
          0.0,
          0.0,
          1.0
        ]
      ]
    },
    {
      "file_path": "./images/frame_0282.jpg",
      "sharpness": 131.5481760294279,
      "transform_matrix": [
        [
          -0.9067994799073642,
          0.3557099596422765,
          -0.2262413046203505,
          -0.6099932581053441
        ],
        [
          -0.4042127438458783,
          -0.5812803612345215,
          0.7062047857078416,
          2.5680745581075843
        ],
        [
          0.11969444854743191,
          0.7318357508998257,
          0.6708872280481407,
          2.701360494768151
        ],
        [
          0.0,
          0.0,
          0.0,
          1.0
        ]
      ]
    },
    {
      "file_path": "./images/frame_0306.jpg",
      "sharpness": 237.8623263283979,
      "transform_matrix": [
        [
          -0.8008634917734284,
          0.4759766486645047,
          -0.36340596794201496,
          -1.4038751054928411
        ],
        [
          -0.5906632328350515,
          -0.5278634254072377,
          0.6103090606366504,
          2.2190659411836298
        ],
        [
          0.09866414228010992,
          0.7034247892186113,
          0.7038884521052934,
          2.8092958493517903
        ],
        [
          0.0,
          0.0,
          0.0,
          1.0
        ]
      ]
    },
    {
      "file_path": "./images/frame_0228.jpg",
      "sharpness": 58.590041885410635,
      "transform_matrix": [
        [
          -0.9771697025392155,
          -0.04631552486286651,
          0.20735053571522963,
          1.0683894776698537
        ],
        [
          0.18978638092913078,
          -0.6289769780605745,
          0.7539025737352397,
          2.901061267477824
        ],
        [
          0.09550131995539285,
          0.7760430614775236,
          0.6234073024000231,
          2.367942511485052
        ],
        [
          0.0,
          0.0,
          0.0,
          1.0
        ]
      ]
    },
    {
      "file_path": "./images/frame_0276.jpg",
      "sharpness": 130.9227832409871,
      "transform_matrix": [
        [
          -0.9299938969181409,
          0.3168027780661604,
          -0.18640641504483663,
          -0.4293310647056213
        ],
        [
          -0.3477846561636207,
          -0.5942251086134765,
          0.7252188312719564,
          2.6748799964587167
        ],
        [
          0.11898396822658298,
          0.7392783779760888,
          0.6628048696474721,
          2.667788123279338
        ],
        [
          0.0,
          0.0,
          0.0,
          1.0
        ]
      ]
    },
    {
      "file_path": "./images/frame_0288.jpg",
      "sharpness": 154.93552644433976,
      "transform_matrix": [
        [
          -0.8823905710231775,
          0.3897349077518472,
          -0.2636163536549742,
          -0.8468709598602406
        ],
        [
          -0.4556982388205276,
          -0.5683676271575228,
          0.6850528122241413,
          2.517186856072385
        ],
        [
          0.11715799317052303,
          0.7246136502443549,
          0.6791237461480131,
          2.731364001418165
        ],
        [
          0.0,
          0.0,
          0.0,
          1.0
        ]
      ]
    },
    {
      "file_path": "./images/frame_0336.jpg",
      "sharpness": 82.69380063540173,
      "transform_matrix": [
        [
          -0.5940477355455042,
          0.6134573129781503,
          -0.5203627706823202,
          -2.0082042081761604
        ],
        [
          -0.8035029356622277,
          -0.42145478162465927,
          0.42042704412168924,
          1.4596896592551634
        ],
        [
          0.0386046669067178,
          0.6678667473751545,
          0.74327901054036,
          2.9353431348864336
        ],
        [
          0.0,
          0.0,
          0.0,
          1.0
        ]
      ]
    },
    {
      "file_path": "./images/frame_0330.jpg",
      "sharpness": 169.92832367029777,
      "transform_matrix": [
        [
          -0.6439983053368095,
          0.5883886911132473,
          -0.4889426663307801,
          -1.7634938957132373
        ],
        [
          -0.7632728475603002,
          -0.450914336448965,
          0.46269949358410706,
          1.6647395740445339
        ],
        [
          0.05177589145858363,
          0.671174350972385,
          0.7394891802634914,
          2.84811007820113
        ],
        [
          0.0,
          0.0,
          0.0,
          1.0
        ]
      ]
    },
    {
      "file_path": "./images/frame_0300.jpg",
      "sharpness": 253.5867191574849,
      "transform_matrix": [
        [
          -0.8307288725374987,
          0.44781554509913263,
          -0.3306822915812661,
          -1.3118870863496077
        ],
        [
          -0.5464161690949465,
          -0.5424277072853093,
          0.6381234618173931,
          2.332156902584708
        ],
        [
          0.10639036863202316,
          0.7107977349286625,
          0.6953040123204588,
          2.82110468204229
        ],
        [
          0.0,
          0.0,
          0.0,
          1.0
        ]
      ]
    },
    {
      "file_path": "./images/frame_0294.jpg",
      "sharpness": 174.50730029183768,
      "transform_matrix": [
        [
          -0.8569191154097525,
          0.4204453299958973,
          -0.2981867773649654,
          -1.1035957227391056
        ],
        [
          -0.502948452214428,
          -0.5553819291708132,
          0.6622641219080388,
          2.4349460100356515
        ],
        [
          0.11283830961388623,
          0.7174793636595708,
          0.6873797194218358,
          2.7923761162919223
        ],
        [
          0.0,
          0.0,
          0.0,
          1.0
        ]
      ]
    },
    {
      "file_path": "./images/frame_0324.jpg",
      "sharpness": 201.66649299458936,
      "transform_matrix": [
        [
          -0.6895817847734037,
          0.5602001210206308,
          -0.4589692654007376,
          -1.60641832748718
        ],
        [
          -0.7213694454072822,
          -0.4752703119092125,
          0.5037303384267403,
          1.8235495382373637
        ],
        [
          0.06405533062467238,
          0.6784496702579402,
          0.7318490005539117,
          2.836786359845656
        ],
        [
          0.0,
          0.0,
          0.0,
          1.0
        ]
      ]
    },
    {
      "file_path": "./images/frame_0354.jpg",
      "sharpness": 103.34314281726422,
      "transform_matrix": [
        [
          -0.4078533540682928,
          0.6858677138065067,
          -0.6026948820077823,
          -2.0695528131617786
        ],
        [
          -0.9130300103864752,
          -0.3104470656785675,
          0.26457290024915336,
          0.7620391628752913
        ],
        [
          -0.005642847389762698,
          0.6581854591416341,
          0.7528346828581662,
          2.9993326358619017
        ],
        [
          0.0,
          0.0,
          0.0,
          1.0
        ]
      ]
    },
    {
      "file_path": "./images/frame_0348.jpg",
      "sharpness": 122.66349679134036,
      "transform_matrix": [
        [
          -0.47583724382841036,
          0.6619856651507497,
          -0.5790974845274297,
          -2.1208278412404025
        ],
        [
          -0.8794836481918388,
          -0.3511216422306877,
          0.3212819710494311,
          1.0256456949330508
        ],
        [
          0.00935039952717004,
          0.6621846959468211,
          0.7492823223250378,
          2.9678316713905497
        ],
        [
          0.0,
          0.0,
          0.0,
          1.0
        ]
      ]
    },
    {
      "file_path": "./images/frame_0360.jpg",
      "sharpness": 169.19440152154723,
      "transform_matrix": [
        [
          -0.3368506875895188,
          0.7086537768360879,
          -0.6199527715170816,
          -2.080357685333362
        ],
        [
          -0.9413461629865328,
          -0.26743887240722114,
          0.20577621572255125,
          0.5495376453579999
        ],
        [
          -0.01997537770543656,
          0.6529060224561826,
          0.7571754817691045,
          3.0177843208278
        ],
        [
          0.0,
          0.0,
          0.0,
          1.0
        ]
      ]
    },
    {
      "file_path": "./images/frame_0366.jpg",
      "sharpness": 234.71397085470727,
      "transform_matrix": [
        [
          -0.26391637875458346,
          0.728952096863643,
          -0.6316462503399035,
          -2.1582873930837367
        ],
        [
          -0.9639122307328145,
          -0.22305033239111646,
          0.14533327445877556,
          0.36431513714530134
        ],
        [
          -0.03494791093113415,
          0.6472073777068605,
          0.7615124777898667,
          3.000075734890976
        ],
        [
          0.0,
          0.0,
          0.0,
          1.0
        ]
      ]
    },
    {
      "file_path": "./images/frame_0372.jpg",
      "sharpness": 216.06189812157868,
      "transform_matrix": [
        [
          -0.1901193974788097,
          0.7467946020271374,
          -0.6373009000077741,
          -2.271579876650593
        ],
        [
          -0.9804964150564156,
          -0.17736831645657655,
          0.08465967387065305,
          0.18999588307620724
        ],
        [
          -0.04981360025465831,
          0.6409666939568908,
          0.7659505875276462,
          3.0400650802457636
        ],
        [
          0.0,
          0.0,
          0.0,
          1.0
        ]
      ]
    },
    {
      "file_path": "./images/frame_0378.jpg",
      "sharpness": 263.9176972311588,
      "transform_matrix": [
        [
          -0.11507036749127623,
          0.7624032368360018,
          -0.6367889093355071,
          -2.3876765046695225
        ],
        [
          -0.99128515022011,
          -0.12951722784911882,
          0.024063221820484093,
          -0.0010222364324181253
        ],
        [
          -0.06412925605755895,
          0.6340083534270554,
          0.7706626021603237,
          3.1098473310186994
        ],
        [
          0.0,
          0.0,
          0.0,
          1.0
        ]
      ]
    },
    {
      "file_path": "./images/frame_0384.jpg",
      "sharpness": 236.12111062396818,
      "transform_matrix": [
        [
          -0.041670082418684896,
          0.7758572178768586,
          -0.6295309220085188,
          -2.4512303157988433
        ],
        [
          -0.9961884270975822,
          -0.08058796026658979,
          -0.03337961021228584,
          -0.16645459888758846
        ],
        [
          -0.07663042444253022,
          0.6257404878963075,
          0.7762580884753163,
          3.1257821702314788
        ],
        [
          0.0,
          0.0,
          0.0,
          1.0
        ]
      ]
    },
    {
      "file_path": "./images/frame_0450.jpg",
      "sharpness": 286.9217790290715,
      "transform_matrix": [
        [
          0.6616940803168638,
          0.6498119337509412,
          -0.37403929592193397,
          -1.691022298425478
        ],
        [
          -0.7244526377984781,
          0.42555497867285,
          -0.5422834459160493,
          -1.8805688851309001
        ],
        [
          -0.19320797003296547,
          0.6297995005874114,
          0.7523451797159939,
          2.978618159696035
        ],
        [
          0.0,
          0.0,
          0.0,
          1.0
        ]
      ]
    },
    {
      "file_path": "./images/frame_0444.jpg",
      "sharpness": 279.24766779874744,
      "transform_matrix": [
        [
          0.6107501048490667,
          0.6785428918284379,
          -0.40812235106797295,
          -1.7474114001039798
        ],
        [
          -0.7696614547579319,
          0.3876364481507134,
          -0.5073058536287665,
          -1.7197227824728778
        ],
        [
          -0.18602568238384984,
          0.6239531457365181,
          0.7589973105916978,
          3.012026218941629
        ],
        [
          0.0,
          0.0,
          0.0,
          1.0
        ]
      ]
    },
    {
      "file_path": "./images/frame_0432.jpg",
      "sharpness": 316.3319637854712,
      "transform_matrix": [
        [
          0.4993284302163746,
          0.7283635752454486,
          -0.4692095705530884,
          -1.8053781285647625
        ],
        [
          -0.8496796640082187,
          0.3057417687777529,
          -0.4296119637493116,
          -1.3614008981641819
        ],
        [
          -0.16945674185631565,
          0.6131952977181068,
          0.771541275345751,
          2.965604584413355
        ],
        [
          0.0,
          0.0,
          0.0,
          1.0
        ]
      ]
    },
    {
      "file_path": "./images/frame_0438.jpg",
      "sharpness": 281.94347848688864,
      "transform_matrix": [
        [
          0.556456700167413,
          0.7045643877901218,
          -0.4403918304896438,
          -1.7727846091176571
        ],
        [
          -0.8115712429700458,
          0.3473060199995545,
          -0.46981980168691495,
          -1.5443494999643739
        ],
        [
          -0.1780675670595411,
          0.6188437217843433,
          0.7650649577884885,
          2.9989241239325923
        ],
        [
          0.0,
          0.0,
          0.0,
          1.0
        ]
      ]
    }
  ]
}