{
  "camera_angle_x": 1.0809493047969625,
  "camera_angle_y": 0.845801417085441,
  "fl_x": 2559.68,
  "fl_y": 2559.68,
  "k1": -0.0204997,
  "k2": 0,
  "k3": 0,
  "k4": 0,
  "p1": 0,
  "p2": 0,
  "is_fisheye": false,
  "cx": 1536.0,
  "cy": 1152.0,
  "w": 3072.0,
  "h": 2304.0,
  "aabb_scale": 32,
  "frames": [
    {
      "file_path": "./images/P1180189.JPG",
      "sharpness": 170.85833635906906,
      "transform_matrix": [
        [
          0.9329180076115573,
          -0.10008231864567999,
          -0.34590175211693225,
          -1.1144849890177149
        ],
        [
          -0.3597810686250597,
          -0.29882466134099467,
          -0.8838902112324585,
          -4.277689825303513
        ],
        [
          -0.014902190650022582,
          0.9490455163163077,
          -0.3147864881843775,
          -1.3189627709483864
        ],
        [
          0.0,
          0.0,
          0.0,
          1.0
        ]
      ]
    },
    {
      "file_path": "./images/P1180200.JPG",
      "sharpness": 194.54177305284702,
      "transform_matrix": [
        [
          0.7864973744841464,
          0.22356128413088508,
          0.5757102197716711,
          1.8027589112719704
        ],
        [
          0.6174595309533164,
          -0.265215078996881,
          -0.7405435263159448,
          -3.1541813221743227
        ],
        [
          -0.012869828788092352,
          0.9379132774291873,
          -0.34663100215712134,
          -1.1736988574696126
        ],
        [
          0.0,
          0.0,
          0.0,
          1.0
        ]
      ]
    },
    {
      "file_path": "./images/P1180161.JPG",
      "sharpness": 309.60637266996025,
      "transform_matrix": [
        [
          -0.7274341016637419,
          -0.20509695932372624,
          -0.6548094321218851,
          -1.8483560943913582
        ],
        [
          -0.6849644981720593,
          0.1603166862440689,
          0.7107198624673349,
          2.865349247256215
        ],
        [
          -0.040789598350218254,
          0.965522573779144,
          -0.257103809818318,
          -1.0538181291078077
        ],
        [
          0.0,
          0.0,
          0.0,
          1.0
        ]
      ]
    },
    {
      "file_path": "./images/P1180166.JPG",
      "sharpness": 231.2921181479828,
      "transform_matrix": [
        [
          -0.3334948354767073,
          -0.2790251919049408,
          -0.9005154543043399,
          -2.556162472722892
        ],
        [
          -0.9418436652035104,
          0.056666035634805906,
          0.3312422297546547,
          1.4387546845530024
        ],
        [
          -0.041396274164300875,
          0.9586104869719604,
          -0.28169537664999683,
          -1.1022151181836417
        ],
        [
          0.0,
          0.0,
          0.0,
          1.0
        ]
      ]
    },
    {
      "file_path": "./images/P1180190.JPG",
      "sharpness": 177.277223780143,
      "transform_matrix": [
        [
          0.9576229220312599,
          -0.1194575461640831,
          -0.26207943672489603,
          -0.7898644672983086
        ],
        [
          -0.2865420913507114,
          -0.30306598144643376,
          -0.9088685480727806,
          -4.519381436856249
        ],
        [
          0.029143881535042368,
          0.9454526229936157,
          -0.3244533404036464,
          -1.29345463761751
        ],
        [
          0.0,
          0.0,
          0.0,
          1.0
        ]
      ]
    },
    {
      "file_path": "./images/P1180159.JPG",
      "sharpness": 364.50064947006143,
      "transform_matrix": [
        [
          -0.824677354919362,
          -0.12776371593596486,
          -0.5509827057598485,
          -1.734171083890575
        ],
        [
          -0.5655942879250418,
          0.18123002904369184,
          0.8045228573833555,
          3.332673274592066
        ],
        [
          -0.0029342237234107342,
          0.9751061423475647,
          -0.2217191880431439,
          -0.9916204149560413
        ],
        [
          0.0,
          0.0,
          0.0,
          1.0
        ]
      ]
    },
    {
      "file_path": "./images/P1180340.JPG",
      "sharpness": 274.1630139733707,
      "transform_matrix": [
        [
          -0.8043102581921083,
          -0.19014722943019347,
          -0.562962459416068,
          -1.5689321020707645
        ],
        [
          -0.5863663354352605,
          0.10057772255682283,
          0.8037763062152233,
          3.1155555949845763
        ],
        [
          -0.09621448492768764,
          0.9765899743474312,
          -0.1923922476450083,
          -1.0013327915840955
        ],
        [
          0.0,
          0.0,
          0.0,
          1.0
        ]
      ]
    },
    {
      "file_path": "./images/P1180206.JPG",
      "sharpness": 256.760356753201,
      "transform_matrix": [
        [
          0.2623930384563073,
          0.25176099226769727,
          0.9315397495551352,
          3.0917687857138567
        ],
        [
          0.9648363252332164,
          -0.08397340124101242,
          -0.2490769807095831,
          -1.3806619314463235
        ],
        [
          0.015516692265747745,
          0.9641394458854071,
          -0.2649421846251334,
          -1.0730429989709758
        ],
        [
          0.0,
          0.0,
          0.0,
          1.0
        ]
      ]
    },
    {
      "file_path": "./images/P1180150.JPG",
      "sharpness": 301.51069988671816,
      "transform_matrix": [
        [
          -0.9987849925563124,
          -0.002700906254466199,
          0.049212182376277246,
          0.17324581503773928
        ],
        [
          0.04721174284935548,
          0.2342102415652606,
          0.9710392411433469,
          4.432279294956134
        ],
        [
          -0.014148671470611825,
          0.9721822438332496,
          -0.23379799244067204,
          -0.9359477990640018
        ],
        [
          0.0,
          0.0,
          0.0,
          1.0
        ]
      ]
    },
    {
      "file_path": "./images/P1180177.JPG",
      "sharpness": 183.45282010163757,
      "transform_matrix": [
        [
          0.1316518998276689,
          -0.33131372520711916,
          -0.9342922699017033,
          -2.7798316582384115
        ],
        [
          -0.9910739600678264,
          -0.06400779446601036,
          -0.11695495117490813,
          -1.1289700315963727
        ],
        [
          -0.021053213804717925,
          0.9413471786331341,
          -0.3367822078912989,
          -1.1638193364658218
        ],
        [
          0.0,
          0.0,
          0.0,
          1.0
        ]
      ]
    },
    {
      "file_path": "./images/P1180319.JPG",
      "sharpness": 295.6096175830172,
      "transform_matrix": [
        [
          0.10572619708102612,
          0.2663864229584013,
          0.9580502294891056,
          3.4348071226732433
        ],
        [
          0.994141133997199,
          -0.050096475991650825,
          -0.09577967575014297,
          -0.027513180116570814
        ],
        [
          0.022480535803895734,
          0.9625635648673168,
          -0.2701222109031277,
          -1.0052144172538806
        ],
        [
          0.0,
          0.0,
          0.0,
          1.0
        ]
      ]
    },
    {
      "file_path": "./images/P1180178.JPG",
      "sharpness": 180.7053937156271,
      "transform_matrix": [
        [
          0.27489360728649215,
          -0.340794248790705,
          -0.8990504990568033,
          -2.8051810493773663
        ],
        [
          -0.9613684803182987,
          -0.11128745384704344,
          -0.2517633063208647,
          -1.382322758779537
        ],
        [
          -0.014253552281965554,
          0.9335278689049505,
          -0.3582213731735611,
          -1.1736998769500253
        ],
        [
          0.0,
          0.0,
          0.0,
          1.0
        ]
      ]
    },
    {
      "file_path": "./images/P1180196.JPG",
      "sharpness": 148.20522378617886,
      "transform_matrix": [
        [
          0.9062925781015091,
          0.05981539956123168,
          0.418398144901042,
          1.3093329079690124
        ],
        [
          0.41877759989450253,
          -0.26082172380642576,
          -0.8698266929704713,
          -4.4454386360010645
        ],
        [
          0.05709822155130959,
          0.9635321732832969,
          -0.26142980989121517,
          -1.2411390352666485
        ],
        [
          0.0,
          0.0,
          0.0,
          1.0
        ]
      ]
    },
    {
      "file_path": "./images/P1180335.JPG",
      "sharpness": 513.685485851353,
      "transform_matrix": [
        [
          -0.9551564904251104,
          -0.0726575317538137,
          -0.2870520167430077,
          -0.8148585004760095
        ],
        [
          -0.29601825502078727,
          0.21088620529619348,
          0.9316126323753612,
          3.9348852459256545
        ],
        [
          -0.0071533415363528,
          0.9748066616733744,
          -0.2229367758958641,
          -0.9803646519011713
        ],
        [
          0.0,
          0.0,
          0.0,
          1.0
        ]
      ]
    },
    {
      "file_path": "./images/P1180148.JPG",
      "sharpness": 325.197873251093,
      "transform_matrix": [
        [
          -0.9778328408983779,
          0.03658064868451709,
          0.20616298095193483,
          0.6327140960799461
        ],
        [
          0.2087598145244076,
          0.24624645913676363,
          0.9464567649392118,
          4.357920080206293
        ],
        [
          -0.016144928274672215,
          0.9685165963517954,
          -0.24842491864978292,
          -0.9282059746786304
        ],
        [
          0.0,
          0.0,
          0.0,
          1.0
        ]
      ]
    },
    {
      "file_path": "./images/P1180322.JPG",
      "sharpness": 346.7689557518257,
      "transform_matrix": [
        [
          -0.2735257820187723,
          0.23889010670403887,
          0.9317269723403004,
          3.422988234565436
        ],
        [
          0.9615049153511575,
          0.04141721121124866,
          0.27164848650551165,
          1.688841075949658
        ],
        [
          0.02630460167020645,
          0.9701629401047599,
          -0.24102269026808076,
          -0.9497196677309722
        ],
        [
          0.0,
          0.0,
          0.0,
          1.0
        ]
      ]
    },
    {
      "file_path": "./images/P1180224.JPG",
      "sharpness": 317.2836198718011,
      "transform_matrix": [
        [
          -0.7198250211000973,
          0.15122057067057637,
          0.6774835086772591,
          2.2747426251395932
        ],
        [
          0.6936476451733309,
          0.19401689274829106,
          0.6936930283921916,
          3.91344618560578
        ],
        [
          -0.026542606947524867,
          0.9692727912351672,
          -0.2445521279522593,
          -0.9269532486514609
        ],
        [
          0.0,
          0.0,
          0.0,
          1.0
        ]
      ]
    },
    {
      "file_path": "./images/P1180201.JPG",
      "sharpness": 292.9182361134107,
      "transform_matrix": [
        [
          0.677534232159951,
          0.28174512564684673,
          0.6793875815381256,
          1.742311088898735
        ],
        [
          0.7341398404466889,
          -0.20308981845078974,
          -0.6479148502736386,
          -2.7365737913989907
        ],
        [
          -0.044570111236535315,
          0.937749558293883,
          -0.3444405311063815,
          -1.1599474662002673
        ],
        [
          0.0,
          0.0,
          0.0,
          1.0
        ]
      ]
    },
    {
      "file_path": "./images/P1180347.JPG",
      "sharpness": 231.8463047572072,
      "transform_matrix": [
        [
          -0.19876518529132126,
          -0.23456996346931536,
          -0.951562494495414,
          -2.580599871513775
        ],
        [
          -0.9793105218634599,
          0.009876069261364319,
          0.20212672060637973,
          1.0575823585505915
        ],
        [
          -0.038015148836176335,
          0.9720491357603042,
          -0.23167936829568408,
          -1.0977921961184323
        ],
        [
          0.0,
          0.0,
          0.0,
          1.0
        ]
      ]
    },
    {
      "file_path": "./images/P1180338.JPG",
      "sharpness": 429.8863410867689,
      "transform_matrix": [
        [
          -0.7960514058715733,
          -0.16485903231877475,
          -0.5823439331956562,
          -1.5192796966610773
        ],
        [
          -0.6046683885575845,
          0.17520696830963825,
          0.776968117021627,
          3.553342942667319
        ],
        [
          -0.02605948925107858,
          0.970630763150503,
          -0.23915857902143756,
          -0.9809827696449268
        ],
        [
          0.0,
          0.0,
          0.0,
          1.0
        ]
      ]
    },
    {
      "file_path": "./images/P1180205.JPG",
      "sharpness": 278.0452857791357,
      "transform_matrix": [
        [
          0.24596197573782483,
          0.24832290139764027,
          0.9369303325635916,
          3.0366203989556744
        ],
        [
          0.9692456248674315,
          -0.07109066983568547,
          -0.23560356610760363,
          -1.6530971885751553
        ],
        [
          0.008101243024551537,
          0.966065139364105,
          -0.25817148649856303,
          -1.0849670481893934
        ],
        [
          0.0,
          0.0,
          0.0,
          1.0
        ]
      ]
    },
    {
      "file_path": "./images/P1180321.JPG",
      "sharpness": 336.1489337604076,
      "transform_matrix": [
        [
          -0.10391827460842647,
          0.2625776534738093,
          0.9592986958666307,
          3.4896263442613065
        ],
        [
          0.994184456645748,
          2.4352895640069874e-05,
          0.10769069037065923,
          1.185896247317577
        ],
        [
          0.028253810041066033,
          0.9649108649336923,
          -0.26105314693357334,
          -0.962668383694072
        ],
        [
          0.0,
          0.0,
          0.0,
          1.0
        ]
      ]
    },
    {
      "file_path": "./images/P1180182.JPG",
      "sharpness": 207.24683380065144,
      "transform_matrix": [
        [
          0.3825926112945679,
          -0.29581512069365995,
          -0.8752804217525275,
          -2.475968607980436
        ],
        [
          -0.9239146466492195,
          -0.12457962005741655,
          -0.3617473602874698,
          -2.477985045394511
        ],
        [
          -0.0020317584051780997,
          0.9470867373917932,
          -0.3209713124773442,
          -1.2421966037654175
        ],
        [
          0.0,
          0.0,
          0.0,
          1.0
        ]
      ]
    },
    {
      "file_path": "./images/P1180162.JPG",
      "sharpness": 360.1133033594692,
      "transform_matrix": [
        [
          -0.6777777845950721,
          -0.22166232447315176,
          -0.7010587516064214,
          -1.9577402593275794
        ],
        [
          -0.734392905291974,
          0.1576095832063249,
          0.6601716172645185,
          2.54325033864859
        ],
        [
          -0.03584159585459142,
          0.9623019573042347,
          -0.26961143015515204,
          -1.082889608212257
        ],
        [
          0.0,
          0.0,
          0.0,
          1.0
        ]
      ]
    },
    {
      "file_path": "./images/P1180327.JPG",
      "sharpness": 331.6793663391629,
      "transform_matrix": [
        [
          -0.6534629376182914,
          0.14443340192434184,
          0.743051119339134,
          2.5929836565713904
        ],
        [
          0.7566122824829807,
          0.1543090445805179,
          0.6353946492703085,
          3.514877661464101
        ],
        [
          -0.022887317978460116,
          0.9774086597787013,
          -0.2101153940860612,
          -0.9119592171506575
        ],
        [
          0.0,
          0.0,
          0.0,
          1.0
        ]
      ]
    },
    {
      "file_path": "./images/P1180145.JPG",
      "sharpness": 361.93533267390836,
      "transform_matrix": [
        [
          -0.8991694453957211,
          0.05557060939769068,
          0.43405773462742264,
          1.2336113884808286
        ],
        [
          0.4372987997342646,
          0.15093345307892553,
          0.8865600685552891,
          4.279055547929913
        ],
        [
          -0.01624715845335314,
          0.9869807458463696,
          -0.160015735288043,
          -0.9197052044822924
        ],
        [
          0.0,
          0.0,
          0.0,
          1.0
        ]
      ]
    },
    {
      "file_path": "./images/P1180211.JPG",
      "sharpness": 251.87172654186875,
      "transform_matrix": [
        [
          0.0662019538905919,
          0.27745072861306835,
          0.958456256225663,
          3.2729434902055776
        ],
        [
          0.9972329045554079,
          -0.0509558880093716,
          -0.05412977185860197,
          -0.07183739922385575
        ],
        [
          0.0338206448292416,
          0.959387612362122,
          -0.2800563750455646,
          -1.021765781411206
        ],
        [
          0.0,
          0.0,
          0.0,
          1.0
        ]
      ]
    },
    {
      "file_path": "./images/P1180331.JPG",
      "sharpness": 286.43823503328787,
      "transform_matrix": [
        [
          -0.9672449986513084,
          0.046673105393156694,
          0.24951858162233623,
          0.8947445659362688
        ],
        [
          0.2527105549684433,
          0.26992091669083196,
          0.9291290882545403,
          4.17126295358013
        ],
        [
          -0.023984939879042114,
          0.9617506936188455,
          -0.27287419714546973,
          -0.9127787240313272
        ],
        [
          0.0,
          0.0,
          0.0,
          1.0
        ]
      ]
    },
    {
      "file_path": "./images/P1180204.JPG",
      "sharpness": 232.03957033293315,
      "transform_matrix": [
        [
          0.32147787020644014,
          0.2444121381645912,
          0.9148303886330504,
          2.9968167039497855
        ],
        [
          0.9464079095029908,
          -0.11461103340119552,
          -0.3019541925653723,
          -1.9419732250966173
        ],
        [
          0.03104839076687359,
          0.9628743498906298,
          -0.2681585043823542,
          -1.0959986711258056
        ],
        [
          0.0,
          0.0,
          0.0,
          1.0
        ]
      ]
    },
    {
      "file_path": "./images/P1180157.JPG",
      "sharpness": 378.1048182689514,
      "transform_matrix": [
        [
          -0.8531485043300504,
          -0.13720915618415927,
          -0.5032987965052019,
          -1.4879669095378485
        ],
        [
          -0.5213832619323436,
          0.19248053088083458,
          0.831329743922831,
          3.892213606235023
        ],
        [
          -0.017190845303404513,
          0.9716608322863712,
          -0.23575347121396986,
          -1.0078637875959995
        ],
        [
          0.0,
          0.0,
          0.0,
          1.0
        ]
      ]
    },
    {
      "file_path": "./images/P1180334.JPG",
      "sharpness": 363.0985145136915,
      "transform_matrix": [
        [
          -0.9916827160443346,
          -0.06067325017062932,
          -0.11350603434568657,
          -0.3067020516108074
        ],
        [
          -0.1255660037248319,
          0.2625212790161139,
          0.9567210825718949,
          4.183079855041234
        ],
        [
          -0.028249632088234555,
          0.9630167635565893,
          -0.2679564712084471,
          -0.9448989034301617
        ],
        [
          0.0,
          0.0,
          0.0,
          1.0
        ]
      ]
    },
    {
      "file_path": "./images/P1180336.JPG",
      "sharpness": 317.97833980564224,
      "transform_matrix": [
        [
          -0.8984366119825387,
          -0.12719401411877088,
          -0.42027711607349827,
          -1.1362169387779006
        ],
        [
          -0.43906383828766143,
          0.2474934713233191,
          0.8636952269681689,
          3.879152626858366
        ],
        [
          -0.005841015927351548,
          0.960504358642178,
          -0.2782036291255458,
          -0.984680689853246
        ],
        [
          0.0,
          0.0,
          0.0,
          1.0
        ]
      ]
    },
    {
      "file_path": "./images/P1180192.JPG",
      "sharpness": 187.57911172966993,
      "transform_matrix": [
        [
          0.9974501208567503,
          -0.006697689383579592,
          0.07106201729106652,
          -0.005263793557372978
        ],
        [
          0.06478803236485617,
          -0.3328372911095736,
          -0.9407567493666514,
          -4.62034433990142
        ],
        [
          0.02995298069237086,
          0.9429605578664743,
          -0.3315542292817612,
          -1.2746339751786637
        ],
        [
          0.0,
          0.0,
          0.0,
          1.0
        ]
      ]
    },
    {
      "file_path": "./images/P1180183.JPG",
      "sharpness": 185.57278484505332,
      "transform_matrix": [
        [
          0.4574716608777713,
          -0.3010669741764261,
          -0.8367082995129045,
          -2.313586068605924
        ],
        [
          -0.8890960060458737,
          -0.17092611036428196,
          -0.42461156176203707,
          -2.8055888910060194
        ],
        [
          -0.01517877510227996,
          0.9381594618177258,
          -0.3458705433671203,
          -1.2540754613316587
        ],
        [
          0.0,
          0.0,
          0.0,
          1.0
        ]
      ]
    },
    {
      "file_path": "./images/P1180328.JPG",
      "sharpness": 247.0536435385422,
      "transform_matrix": [
        [
          -0.7726309737396715,
          0.12437154119171819,
          0.6225541391538881,
          2.284747613572893
        ],
        [
          0.6346350951965157,
          0.17716719317123653,
          0.7522304398774952,
          3.8504053383959573
        ],
        [
          -0.01674007333683243,
          0.9762907131979441,
          -0.21581524145696449,
          -0.9159784407615729
        ],
        [
          0.0,
          0.0,
          0.0,
          1.0
        ]
      ]
    },
    {
      "file_path": "./images/P1180339.JPG",
      "sharpness": 213.19577834303695,
      "transform_matrix": [
        [
          -0.7849838271515461,
          -0.16637803168662232,
          -0.5967556625364104,
          -1.6227003486337612
        ],
        [
          -0.6173458072791576,
          0.1295381682522407,
          0.7759527054372038,
          3.3329207403813985
        ],
        [
          -0.051798891385603986,
          0.977516298128882,
          -0.2043985217938708,
          -0.9818742466493696
        ],
        [
          0.0,
          0.0,
          0.0,
          1.0
        ]
      ]
    },
    {
      "file_path": "./images/P1180202.JPG",
      "sharpness": 244.85140849862648,
      "transform_matrix": [
        [
          0.4655152842361778,
          0.2653466433421619,
          0.8443262192946405,
          2.810432568821934
        ],
        [
          0.8848936095653044,
          -0.12220029298182906,
          -0.44947800224006906,
          -2.4775074550206413
        ],
        [
          -0.01609056735765599,
          0.9563776713806044,
          -0.2916896367716766,
          -1.1243520074630615
        ],
        [
          0.0,
          0.0,
          0.0,
          1.0
        ]
      ]
    },
    {
      "file_path": "./images/P1180174.JPG",
      "sharpness": 156.31138584660792,
      "transform_matrix": [
        [
          0.08511067038737796,
          -0.3712050067862627,
          -0.9246415728598371,
          -2.7828994367404554
        ],
        [
          -0.9963605634794701,
          -0.03595818818911534,
          -0.07727649170425328,
          -0.39398431232917225
        ],
        [
          -0.004563005396825882,
          0.9278543772131996,
          -0.37291477744170126,
          -1.1553532229140406
        ],
        [
          0.0,
          0.0,
          0.0,
          1.0
        ]
      ]
    },
    {
      "file_path": "./images/P1180315.JPG",
      "sharpness": 254.16815083545407,
      "transform_matrix": [
        [
          0.23593400647708584,
          0.23811407117510916,
          0.9421448074430682,
          2.9299359885602967
        ],
        [
          0.9714875328796219,
          -0.08113091832954872,
          -0.22277735970145657,
          -2.2072625142898272
        ],
        [
          0.023390648394604883,
          0.9678426853405533,
          -0.2504663931197345,
          -1.0952818073161963
        ],
        [
          0.0,
          0.0,
          0.0,
          1.0
        ]
      ]
    },
    {
      "file_path": "./images/P1180170.JPG",
      "sharpness": 161.42911027159934,
      "transform_matrix": [
        [
          -0.18739943503332815,
          -0.38480076202867103,
          -0.903773252404406,
          -2.9071887885784973
        ],
        [
          -0.9814448377266763,
          0.035374123922432096,
          0.1884435191085338,
          0.35445907396404225
        ],
        [
          -0.040543027848376365,
          0.9223213190917162,
          -0.38429107754404007,
          -1.2106378420926585
        ],
        [
          0.0,
          0.0,
          0.0,
          1.0
        ]
      ]
    },
    {
      "file_path": "./images/P1180323.JPG",
      "sharpness": 371.55741113285563,
      "transform_matrix": [
        [
          -0.3619415686116872,
          0.16091786012302411,
          0.9182068158800818,
          3.2372060637771107
        ],
        [
          0.931647814553253,
          0.02851993935853239,
          0.3622415977058326,
          2.0487433126634182
        ],
        [
          0.03210394354472138,
          0.986555653205268,
          -0.16024132155249973,
          -0.954047595931636
        ],
        [
          0.0,
          0.0,
          0.0,
          1.0
        ]
      ]
    },
    {
      "file_path": "./images/P1180169.JPG",
      "sharpness": 159.1374188034048,
      "transform_matrix": [
        [
          -0.10630433796181747,
          -0.32378702572622,
          -0.9401392491270729,
          -2.705268468409583
        ],
        [
          -0.9941121649894572,
          0.014643224857260734,
          0.10736404172102547,
          0.5548532873169687
        ],
        [
          -0.020996415688264238,
          0.9460166915847212,
          -0.3234371193332777,
          -1.1280658767383436
        ],
        [
          0.0,
          0.0,
          0.0,
          1.0
        ]
      ]
    },
    {
      "file_path": "./images/P1180324.JPG",
      "sharpness": 270.7544623462453,
      "transform_matrix": [
        [
          -0.49415981748106813,
          0.2150088333906861,
          0.8423640182819755,
          3.192889779619296
        ],
        [
          0.8686247781429166,
          0.0819711042281831,
          0.48864260684784466,
          2.4345113696525815
        ],
        [
          0.036012958053453066,
          0.9731659316295619,
          -0.22726885968967428,
          -0.9322779263792295
        ],
        [
          0.0,
          0.0,
          0.0,
          1.0
        ]
      ]
    },
    {
      "file_path": "./images/P1180141.JPG",
      "sharpness": 246.33691559019024,
      "transform_matrix": [
        [
          -0.8393125354806248,
          0.11481060472142542,
          0.5313876679008426,
          2.0622326467949983
        ],
        [
          0.5435712784309207,
          0.19376147479779554,
          0.816692486667525,
          4.280404064081308
        ],
        [
          -0.009197506241455787,
          0.9743074483766943,
          -0.22503422194446365,
          -0.9122477720981574
        ],
        [
          0.0,
          0.0,
          0.0,
          1.0
        ]
      ]
    },
    {
      "file_path": "./images/P1180325.JPG",
      "sharpness": 281.98022601135557,
      "transform_matrix": [
        [
          -0.5010013214341414,
          0.19808952282863185,
          0.8424715028554064,
          3.1343331547309363
        ],
        [
          0.8652970135514102,
          0.09655902233827302,
          0.49187137508084744,
          2.7583030515769607
        ],
        [
          0.016086342864289234,
          0.9754162688092926,
          -0.2197824658452519,
          -0.9227456503633767
        ],
        [
          0.0,
          0.0,
          0.0,
          1.0
        ]
      ]
    },
    {
      "file_path": "./images/P1180212.JPG",
      "sharpness": 278.54496235964587,
      "transform_matrix": [
        [
          0.04051927516487444,
          0.2852085607564185,
          0.9576086179286187,
          3.295537984610874
        ],
        [
          0.9987261618033657,
          -0.040403941763320586,
          -0.03022540685291327,
          0.21931834636698821
        ],
        [
          0.030070618044045185,
          0.9576134910709189,
          -0.28648238963177347,
          -1.0124321975759822
        ],
        [
          0.0,
          0.0,
          0.0,
          1.0
        ]
      ]
    },
    {
      "file_path": "./images/P1180310.JPG",
      "sharpness": 134.56077589669792,
      "transform_matrix": [
        [
          0.8209536891512045,
          0.14632087913725805,
          0.5519281732567966,
          2.167482253476525
        ],
        [
          0.5709378460549289,
          -0.19675978910941194,
          -0.7970665138737544,
          -4.3647500181299295
        ],
        [
          -0.008030173192570517,
          0.9694718955200649,
          -0.24507092405913883,
          -1.2107831649596863
        ],
        [
          0.0,
          0.0,
          0.0,
          1.0
        ]
      ]
    },
    {
      "file_path": "./images/P1180186.JPG",
      "sharpness": 206.87536266694403,
      "transform_matrix": [
        [
          0.7732473299538994,
          -0.20990338584055815,
          -0.5983566938480143,
          -1.8964023033304551
        ],
        [
          -0.6339669911341375,
          -0.23616319424351104,
          -0.7364199871618001,
          -3.7190388729327144
        ],
        [
          0.013267198134578186,
          0.9487716562184406,
          -0.3156839025612543,
          -1.306738767615521
        ],
        [
          0.0,
          0.0,
          0.0,
          1.0
        ]
      ]
    },
    {
      "file_path": "./images/P1180167.JPG",
      "sharpness": 182.464797404232,
      "transform_matrix": [
        [
          -0.23559213178475935,
          -0.2976756732988347,
          -0.9251400476416101,
          -2.585696384852981
        ],
        [
          -0.9706953680292598,
          0.02566069332523202,
          0.23893639338692377,
          1.2153707110747292
        ],
        [
          -0.047385828493370225,
          0.9543220618639593,
          -0.2949982766328627,
          -1.1057863944237254
        ],
        [
          0.0,
          0.0,
          0.0,
          1.0
        ]
      ]
    },
    {
      "file_path": "./images/P1180220.JPG",
      "sharpness": 266.93670837754036,
      "transform_matrix": [
        [
          -0.6108575325642578,
          0.22183786651189177,
          0.7600267960281408,
          3.1606079092350536
        ],
        [
          0.7914427331557737,
          0.14477398751117546,
          0.5938506444782888,
          2.5733604286795697
        ],
        [
          0.02170644820342622,
          0.9642761162696065,
          -0.2640083355026116,
          -0.9453028714901802
        ],
        [
          0.0,
          0.0,
          0.0,
          1.0
        ]
      ]
    },
    {
      "file_path": "./images/P1180317.JPG",
      "sharpness": 305.70779238209985,
      "transform_matrix": [
        [
          0.07619961062805024,
          0.27054902043126217,
          0.9596858059267672,
          3.213537508034516
        ],
        [
          0.9964169143341556,
          -0.05608880858830891,
          -0.063303852504647,
          -1.2091601704206525
        ],
        [
          0.0367008384325057,
          0.9610708989415269,
          -0.2738535657702692,
          -1.0493472469371377
        ],
        [
          0.0,
          0.0,
          0.0,
          1.0
        ]
      ]
    },
    {
      "file_path": "./images/P1180197.JPG",
      "sharpness": 157.9603829369137,
      "transform_matrix": [
        [
          0.8939450630440383,
          0.08269036132561987,
          0.4404822202431363,
          1.552584687713849
        ],
        [
          0.44472513170602296,
          -0.2854066799931481,
          -0.8489774097710168,
          -4.217010357263453
        ],
        [
          0.0555143171172876,
          0.954832622368946,
          -0.2919123563899019,
          -1.2332126543881525
        ],
        [
          0.0,
          0.0,
          0.0,
          1.0
        ]
      ]
    },
    {
      "file_path": "./images/P1180326.JPG",
      "sharpness": 251.96928092758984,
      "transform_matrix": [
        [
          -0.6111869093414415,
          0.17864029977088025,
          0.7710631627367985,
          2.8950685851446893
        ],
        [
          0.7914675343573793,
          0.13121279802419822,
          0.5969610853590928,
          3.154248990901618
        ],
        [
          0.005467966682839722,
          0.9751260749016035,
          -0.2215834863811991,
          -0.9230271979422865
        ],
        [
          0.0,
          0.0,
          0.0,
          1.0
        ]
      ]
    },
    {
      "file_path": "./images/P1180160.JPG",
      "sharpness": 374.8465559513529,
      "transform_matrix": [
        [
          -0.818923650816589,
          -0.17216590194428863,
          -0.5474697591988065,
          -1.5743235870201935
        ],
        [
          -0.5712083267232777,
          0.15218924230704073,
          0.8065727880115345,
          3.121314792774136
        ],
        [
          -0.05554531846370801,
          0.9732406436945427,
          -0.22297391692976964,
          -1.0179629401232722
        ],
        [
          0.0,
          0.0,
          0.0,
          1.0
        ]
      ]
    },
    {
      "file_path": "./images/P1180215.JPG",
      "sharpness": 304.4050021537542,
      "transform_matrix": [
        [
          -0.13429970435724467,
          0.26311075169401016,
          0.9553723534407225,
          3.2890579173664314
        ],
        [
          0.9897345025941,
          -0.011940630326229334,
          0.14241856490824012,
          1.0794740702312702
        ],
        [
          0.0488796052187622,
          0.9646917404707281,
          -0.2588061638267574,
          -0.986180467266294
        ],
        [
          0.0,
          0.0,
          0.0,
          1.0
        ]
      ]
    },
    {
      "file_path": "./images/P1180143.JPG",
      "sharpness": 258.87594675124114,
      "transform_matrix": [
        [
          -0.8517653438284918,
          0.08998296379518454,
          0.516138656041142,
          1.751041439196731
        ],
        [
          0.5228199520002116,
          0.2098935211948479,
          0.8261986764892553,
          4.272375694730813
        ],
        [
          -0.0339903407424966,
          0.9735747532456529,
          -0.2258248401466705,
          -0.9130744192906248
        ],
        [
          0.0,
          0.0,
          0.0,
          1.0
        ]
      ]
    },
    {
      "file_path": "./images/P1180333.JPG",
      "sharpness": 333.3064948856951,
      "transform_matrix": [
        [
          -0.9997465002034025,
          -0.021210377875502704,
          -0.007430508636866181,
          -0.0060712686413329974
        ],
        [
          -0.013038909314608403,
          0.27811420445366464,
          0.9604585540934811,
          4.171429043431154
        ],
        [
          -0.01830515549698112,
          0.9603137186779274,
          -0.27832082353048476,
          -0.9364728295184026
        ],
        [
          0.0,
          0.0,
          0.0,
          1.0
        ]
      ]
    },
    {
      "file_path": "./images/P1180152.JPG",
      "sharpness": 346.14325825457195,
      "transform_matrix": [
        [
          -0.9937744839863093,
          -0.04010784087491983,
          -0.10393944762548817,
          -0.340182782301476
        ],
        [
          -0.11070574961626127,
          0.2508159159772867,
          0.9616836207192058,
          4.405756810232276
        ],
        [
          -0.012501387202595964,
          0.9672035558750409,
          -0.25369469140417417,
          -0.9513152630673817
        ],
        [
          0.0,
          0.0,
          0.0,
          1.0
        ]
      ]
    },
    {
      "file_path": "./images/P1180171.JPG",
      "sharpness": 181.3330508514265,
      "transform_matrix": [
        [
          -0.0849396239043153,
          -0.3900098773683619,
          -0.9168839733005401,
          -3.029410386905433
        ],
        [
          -0.9962339654419886,
          0.017197975001905366,
          0.08497515385233417,
          0.08808267150881433
        ],
        [
          -0.01737259156235686,
          0.920649971935716,
          -0.39000232993085354,
          -1.2562387992464856
        ],
        [
          0.0,
          0.0,
          0.0,
          1.0
        ]
      ]
    },
    {
      "file_path": "./images/P1180154.JPG",
      "sharpness": 381.89210652411225,
      "transform_matrix": [
        [
          -0.9465964092928724,
          -0.10637743655784215,
          -0.3043665270793759,
          -0.8664551866329666
        ],
        [
          -0.32088431042423565,
          0.21877700179919812,
          0.9215040895186603,
          4.2608155302904995
        ],
        [
          -0.03143884818685603,
          0.9699589973863664,
          -0.24122840198152953,
          -0.9865499104008045
        ],
        [
          0.0,
          0.0,
          0.0,
          1.0
        ]
      ]
    },
    {
      "file_path": "./images/P1180209.JPG",
      "sharpness": 256.6074890843568,
      "transform_matrix": [
        [
          0.15802294399497757,
          0.2913640726044079,
          0.9434700445735671,
          3.2688755643760024
        ],
        [
          0.9872421095553189,
          -0.06552533677564885,
          -0.14511873100998582,
          -0.6246194460682012
        ],
        [
          0.019538807833166777,
          0.9543654474538581,
          -0.2980013885726257,
          -1.04097670539064
        ],
        [
          0.0,
          0.0,
          0.0,
          1.0
        ]
      ]
    },
    {
      "file_path": "./images/P1180168.JPG",
      "sharpness": 191.69520608550926,
      "transform_matrix": [
        [
          -0.23582188319985845,
          -0.2703548697023373,
          -0.9334330993135811,
          -2.5639773664570478
        ],
        [
          -0.9707021808099967,
          0.019954221542754322,
          0.239458077186938,
          0.9693527498898974
        ],
        [
          -0.04611271678279884,
          0.9625539764195983,
          -0.2671394044685779,
          -1.1124621356804338
        ],
        [
          0.0,
          0.0,
          0.0,
          1.0
        ]
      ]
    },
