{
  "camera_angle_x": 1.2655123270550275,
  "camera_angle_y": 1.004999532763138,
  "fl_x": 2727.2308157946345,
  "fl_y": 2729.4923109946285,
  "k1": 0.061403530196302354,
  "k2": -0.06977691945138424,
  "k3": 0,
  "k4": 0,
  "p1": -0.0033386204486913207,
  "p2": -0.0025415125332909384,
  "is_fisheye": false,
  "cx": 1995.520584253695,
  "cy": 1507.9558846852258,
  "w": 4000.0,
  "h": 3000.0,
  "aabb_scale": 32,
  "frames": [
    {
      "file_path": "./images/20230729_110130.jpg",
      "sharpness": 34.770785915741584,
      "transform_matrix": [
        [
          -0.636768495183989,
          -0.08639378691728493,
          0.7661997109177159,
          3.106546719399244
        ],
        [
          0.003996850835461768,
          0.9933198103435201,
          0.11532466973799375,
          0.4775994646017187
        ],
        [
          -0.7710446864776961,
          0.07649750236136492,
          -0.6321694577894695,
          -2.987756207543778
        ],
        [
          0.0,
          0.0,
          0.0,
          1.0
        ]
      ]
    },
    {
      "file_path": "./images/20230729_110137(0).jpg",
      "sharpness": 71.78214391652064,
      "transform_matrix": [
        [
          -0.7615918395786396,
          -0.26064300698188836,
          0.593332194209825,
          2.5374868403885498
        ],
        [
          0.2680657356382534,
          0.7068547509887073,
          0.6545969158719583,
          2.558833222587861
        ],
        [
          -0.5900157889057067,
          0.6575877004601445,
          -0.4684653507148245,
          -2.0902427402072723
        ],
        [
          0.0,
          0.0,
          0.0,
          1.0
        ]
      ]
    },
    {
      "file_path": "./images/20230729_110128.jpg",
      "sharpness": 27.957735499950985,
      "transform_matrix": [
        [
          -0.6524425811721114,
          0.06404766257143667,
          0.7551268602558053,
          3.2278283455070285
        ],
        [
          -0.09012084796304158,
          0.9827945562968197,
          -0.16122373511187774,
          -0.4878907178188052
        ],
        [
          -0.7524605709578671,
          -0.17324190284852453,
          -0.6354449874112084,
          -3.112520591342839
        ],
        [
          0.0,
          0.0,
          0.0,
          1.0
        ]
      ]
    },
    {
      "file_path": "./images/20230729_110131.jpg",
      "sharpness": 20.650195414191586,
      "transform_matrix": [
        [
          -0.636384077649622,
          -0.17387815699544917,
          0.7515195886476199,
          3.023320374239204
        ],
        [
          0.01550783523311911,
          0.9711822044951407,
          0.23783320332957417,
          1.0255620831811707
        ],
        [
          -0.771216449891347,
          0.16300770569055503,
          -0.6153484176280429,
          -2.950179636693494
        ],
        [
          0.0,
          0.0,
          0.0,
          1.0
        ]
      ]
    },
    {
      "file_path": "./images/20230729_110129.jpg",
      "sharpness": 26.81566199738201,
      "transform_matrix": [
        [
          -0.6372666465269626,
          -0.001566139967085633,
          0.7706417898849408,
          3.2155298534815473
        ],
        [
          -0.03210224783800962,
          0.9991838797572431,
          -0.02451570934473595,
          0.12825399401033102
        ],
        [
          -0.7699744584880748,
          -0.0403623776145633,
          -0.6367968369300706,
          -3.1128416388563016
        ],
        [
          0.0,
          0.0,
          0.0,
          1.0
        ]
      ]
    },
    {
      "file_path": "./images/20230729_110127.jpg",
      "sharpness": 19.627607499859963,
      "transform_matrix": [
        [
          -0.6516401343345395,
          0.0893508940823999,
          0.7532473384873799,
          3.1085536193443124
        ],
        [
          -0.14190527191592964,
          0.9611453326493131,
          -0.23677530111177617,
          -0.8152910691312691
        ],
        [
          -0.7451362485686291,
          -0.26118205741158096,
          -0.6136415107619198,
          -3.0842098747084323
        ],
        [
          0.0,
          0.0,
          0.0,
          1.0
        ]
      ]
    },
    {
      "file_path": "./images/20230729_110136.jpg",
      "sharpness": 46.589339832781135,
      "transform_matrix": [
        [
          -0.7685179995843618,
          -0.2236923325374938,
          0.5994512695507187,
          2.7733322011811214
        ],
        [
          0.17397755813800436,
          0.8285350668065765,
          0.5322231225941091,
          2.5749669794331433
        ],
        [
          -0.6157206293879568,
          0.5133141176077279,
          -0.5978266663386181,
          -2.4484729953208335
        ],
        [
          0.0,
          0.0,
          0.0,
          1.0
        ]
      ]
    },
    {
      "file_path": "./images/20230729_110134.jpg",
      "sharpness": 28.80484691616411,
      "transform_matrix": [
        [
          -0.7027830443637259,
          -0.25794365436675015,
          0.6629940147648109,
          2.8102692335154633
        ],
        [
          0.13225045571947855,
          0.8683351561423057,
          0.4780207876828924,
          2.112557872634176
        ],
        [
          -0.6990034401704139,
          0.4236261650288624,
          -0.5761380587217905,
          -2.601608833064048
        ],
        [
          0.0,
          0.0,
          0.0,
          1.0
        ]
      ]
    },
    {
      "file_path": "./images/20230729_110132.jpg",
      "sharpness": 29.53759916553318,
      "transform_matrix": [
        [
          -0.6545370554892523,
          -0.23903602431907783,
          0.7172468347482412,
          3.008301996243506
        ],
        [
          0.08209941691414686,
          0.9206183972448524,
          0.3817347931278224,
          1.8086613408994823
        ],
        [
          -0.7515589987284097,
          0.30874511438803176,
          -0.5829541367438085,
          -2.751454058485258
        ],
        [
          0.0,
          0.0,
          0.0,
          1.0
        ]
      ]
    },
    {
      "file_path": "./images/20230729_110137.jpg",
      "sharpness": 68.09472591563737,
      "transform_matrix": [
        [
          -0.7671487257807753,
          -0.23905644877341353,
          0.5952603184489618,
          2.7031886638262836
        ],
        [
          0.24391281901557318,
          0.7495538413081352,
          0.6153662125821991,
          2.5070522277205396
        ],
        [
          -0.5932869197467691,
          0.6172690281919699,
          -0.5167103419394461,
          -2.2831534823676876
        ],
        [
          0.0,
          0.0,
          0.0,
          1.0
        ]
      ]
    },
    {
      "file_path": "./images/20230729_110138.jpg",
      "sharpness": 110.83898641464899,
      "transform_matrix": [
        [
          -0.7710239509064236,
          -0.2596113396939769,
          0.5814843242239036,
          2.5067688273705286
        ],
        [
          0.2701717126039178,
          0.693515046844753,
          0.6678653497496718,
          2.5898537271638236
        ],
        [
          -0.5766535465373287,
          0.6720407963653962,
          -0.46457707117477565,
          -1.9159349088720723
        ],
        [
          0.0,
          0.0,
          0.0,
          1.0
        ]
      ]
    },
    {
      "file_path": "./images/20230729_110139.jpg",
      "sharpness": 85.33116041582093,
      "transform_matrix": [
        [
          -0.7756040608687935,
          -0.29846850402950514,
          0.5561968111679608,
          2.42923881399058
        ],
        [
          0.2723135056135546,
          0.6367172755260828,
          0.7214128260536847,
          2.9800080141671463
        ],
        [
          -0.5694591252431,
          0.7109906209102981,
          -0.41256349987583657,
          -1.4725587473761883
        ],
        [
          0.0,
          0.0,
          0.0,
          1.0
        ]
      ]
    },
    {
      "file_path": "./images/20230729_110141(0).jpg",
      "sharpness": 85.021772079663,
      "transform_matrix": [
        [
          -0.7906931315430444,
          -0.3130807630300584,
          0.5261034189571024,
          1.9745390352104504
        ],
        [
          0.3604561854742233,
          0.4565331614462664,
          0.8134179803403134,
          3.701301589655527
        ],
        [
          -0.4948491790514901,
          0.8328012416909254,
          -0.2481257374900206,
          -0.854076680589051
        ],
        [
          0.0,
          0.0,
          0.0,
          1.0
        ]
      ]
    },
    {
      "file_path": "./images/20230729_110139(0).jpg",
      "sharpness": 97.4765403300652,
      "transform_matrix": [
        [
          -0.7714595604005364,
          -0.3304726971728346,
          0.543725981517442,
          2.4545667387949806
        ],
        [
          0.2959877472545406,
          0.5700584554685393,
          0.7664363057108338,
          3.1970019554324014
        ],
        [
          -0.5632418663813911,
          0.7522108438718025,
          -0.34196117629304884,
          -1.4844454895639725
        ],
        [
          0.0,
          0.0,
          0.0,
          1.0
        ]
      ]
    },
    {
      "file_path": "./images/20230729_110141.jpg",
      "sharpness": 85.10033099994372,
      "transform_matrix": [
        [
          -0.7742824569882456,
          -0.3285101053104721,
          0.5408953571591558,
          2.2315049236810602
        ],
        [
          0.3220693483175377,
          0.5311887490259032,
          0.7836516111578397,
          3.67986793674856
        ],
        [
          -0.5447550014314742,
          0.7809735100983204,
          -0.30548709418721937,
          -1.0863327314066644
        ],
        [
          0.0,
          0.0,
          0.0,
          1.0
        ]
      ]
    },
    {
      "file_path": "./images/20230729_110142.jpg",
      "sharpness": 87.78488232861812,
      "transform_matrix": [
        [
          -0.7899326791585018,
          -0.32932118702390756,
          0.5172561435708793,
          1.8907213386872288
        ],
        [
          0.35521974760826164,
          0.4418283374104486,
          0.8237758500089128,
          3.699537513667094
        ],
        [
          -0.49982526269582556,
          0.8344670609916834,
          -0.23203325336209651,
          -0.5655119126157945
        ],
        [
          0.0,
          0.0,
          0.0,
          1.0
        ]
      ]
    },
    {
      "file_path": "./images/20230729_110140.jpg",
      "sharpness": 102.32086432610822,
      "transform_matrix": [
        [
          -0.7726423539697079,
          -0.31818796032799834,
          0.5493452599610188,
          2.2004225782942983
        ],
        [
          0.3221136936430931,
          0.5491749207828648,
          0.7711353153879045,
          3.375796190946047
        ],
        [
          -0.5470526127616999,
          0.7727634360818524,
          -0.321823104360787,
          -1.29142533676003
        ],
        [
          0.0,
          0.0,
          0.0,
          1.0
        ]
      ]
    },
    {
      "file_path": "./images/20230729_110143.jpg",
      "sharpness": 74.71164699809324,
      "transform_matrix": [
        [
          -0.8354632810852717,
          -0.32864020101426983,
          0.4404505921470816,
          1.7913022207159752
        ],
        [
          0.32458278275234487,
          0.35164694192816776,
          0.8780606159377478,
          3.801281302390155
        ],
        [
          -0.44344912112346696,
          0.8765500820471234,
          -0.1871171569174072,
          -0.42650611817535056
        ],
        [
          0.0,
          0.0,
          0.0,
          1.0
        ]
      ]
    },
    {
      "file_path": "./images/20230729_110144.jpg",
      "sharpness": 93.12706183232028,
      "transform_matrix": [
        [
          -0.8292089612584312,
          -0.3357104260501827,
          0.4468903761518037,
          1.5005383054468473
        ],
        [
          0.3398866982121501,
          0.33186764422641507,
          0.8799664192352555,
          3.9011573784734095
        ],
        [
          -0.443722357872277,
          0.8815681348493898,
          -0.1610841162786775,
          -0.06997107353619778
        ],
        [
          0.0,
          0.0,
          0.0,
          1.0
        ]
      ]
    },
    {
      "file_path": "./images/20230729_110144(0).jpg",
      "sharpness": 83.12308391575165,
      "transform_matrix": [
        [
          -0.8392325332703034,
          -0.32694855045080456,
          0.4345036252392021,
          1.6537069900558448
        ],
        [
          0.3953215606980161,
          0.18182148401665757,
          0.9003675979759214,
          3.855262569483244
        ],
        [
          -0.37337597498270964,
          0.9273864313823379,
          -0.02334069340209913,
          0.45466025794608333
        ],
        [
          0.0,
          0.0,
          0.0,
          1.0
        ]
      ]
    },
    {
      "file_path": "./images/20230729_110145.jpg",
      "sharpness": 59.78616665278212,
      "transform_matrix": [
        [
          -0.8342381866837674,
          -0.3526226150414267,
          0.42391501403831894,
          1.5674986894681133
        ],
        [
          0.4206329211726896,
          0.0901206241750645,
          0.9027437170159048,
          3.9244006642668006
        ],
        [
          -0.3565313358686807,
          0.9314158922074119,
          0.07314261454181298,
          0.728870508436128
        ],
        [
          0.0,
          0.0,
          0.0,
          1.0
        ]
      ]
    },
    {
      "file_path": "./images/20230729_110147.jpg",
      "sharpness": 38.80682974284571,
      "transform_matrix": [
        [
          -0.9155426842832195,
          -0.28548477160939434,
          0.28333732250056903,
          1.3393367124317372
        ],
        [
          0.37685751808336987,
          -0.3626602859383622,
          0.8523238398371906,
          3.548054646396326
        ],
        [
          -0.14057028235809604,
          0.8871166563410742,
          0.43961805415024197,
          1.6344200503493793
        ],
        [
          0.0,
          0.0,
          0.0,
          1.0
        ]
      ]
    },
    {
      "file_path": "./images/20230729_110146(0).jpg",
      "sharpness": 47.52176690992905,
      "transform_matrix": [
        [
          -0.8784983166387044,
          -0.34677041731475594,
          0.3286198186742468,
          1.1021975836423337
        ],
        [
          0.384669385501147,
          -0.10550299274838482,
          0.9170052247762656,
          3.303044101385225
        ],
        [
          -0.2833199101289127,
          0.9319975300277668,
          0.22607616486824517,
          1.0973114411137546
        ],
        [
          0.0,
          0.0,
          0.0,
          1.0
        ]
      ]
    },
    {
      "file_path": "./images/20230729_110148.jpg",
      "sharpness": 31.059568160814454,
      "transform_matrix": [
        [
          -0.9328636316469908,
          -0.2531073924850384,
          0.256324194150678,
          1.0214715361621365
        ],
        [
          0.34669242975267206,
          -0.4375907813264108,
          0.82964972556977,
          3.3065219038559115
        ],
        [
          -0.09782537432363443,
          0.8628157136644393,
          0.495962942332401,
          2.021650888067977
        ],
        [
          0.0,
          0.0,
          0.0,
          1.0
        ]
      ]
    },
    {
      "file_path": "./images/20230729_110146.jpg",
      "sharpness": 70.15674332783273,
      "transform_matrix": [
        [
          -0.8559655690486127,
          -0.3337564897338008,
          0.3948791587954959,
          1.2397804399147516
        ],
        [
          0.4124737914776834,
          0.019701074993498036,
          0.9107564102853134,
          3.697911342820235
        ],
        [
          -0.3117504064201831,
          0.9424534327984364,
          0.12080236288310428,
          0.735981104544797
        ],
        [
          0.0,
          0.0,
          0.0,
          1.0
        ]
      ]
    },
    {
      "file_path": "./images/20230729_110149.jpg",
      "sharpness": 45.31260716451997,
      "transform_matrix": [
        [
          -0.9394295122214661,
          -0.24028720501843753,
          0.24440591351059404,
          0.9729605388772626
        ],
        [
          0.3352143378742166,
          -0.49551108684297496,
          0.8013114939815286,
          3.155627561249574
        ],
        [
          -0.07143905940348545,
          0.8347040323985184,
          0.5460454549431263,
          2.1459242868807595
        ],
        [
          0.0,
          0.0,
          0.0,
          1.0
        ]
      ]
    },
    {
      "file_path": "./images/20230729_110149(0).jpg",
      "sharpness": 141.2208692120725,
      "transform_matrix": [
        [
          -0.958029069911187,
          -0.19160078063729574,
          0.21323564887576205,
          0.6992034138336227
        ],
        [
          0.2866376440836337,
          -0.6515963392789935,
          0.7023254740645989,
          2.6859595279463577
        ],
        [
          0.00437745911899125,
          0.7339695847214345,
          0.6791682312434478,
          3.0537837344701546
        ],
        [
          0.0,
          0.0,
          0.0,
          1.0
        ]
      ]
    },
    {
      "file_path": "./images/20230729_110151.jpg",
      "sharpness": 41.33660707964279,
      "transform_matrix": [
        [
          -0.9760613632534298,
          -0.12658409327205364,
          0.17686345688561644,
          0.7567773783906044
        ],
        [
          0.20829737698597928,
          -0.7780339350693232,
          0.5926849065979072,
          2.117574167860931
        ],
        [
          0.06258128983295187,
          0.6153370320676319,
          0.7857759979179114,
          3.1229298620268566
        ],
        [
          0.0,
          0.0,
          0.0,
          1.0
        ]
      ]
    },
    {
      "file_path": "./images/20230729_110152(0).jpg",
      "sharpness": 57.94182566594671,
      "transform_matrix": [
        [
          -0.9760294822058581,
          -0.1194823687787678,
          0.1819077054529611,
          0.4762583242982966
        ],
        [
          0.20286256429914898,
          -0.802175197141004,
          0.5615707729088384,
          1.834451822850042
        ],
        [
          0.07882404329912525,
          0.5850118942981188,
          0.8071851420229138,
          3.040608813811779
        ],
        [
          0.0,
          0.0,
          0.0,
          1.0
        ]
      ]
    },
    {
      "file_path": "./images/20230729_110153.jpg",
      "sharpness": 36.70257374988443,
      "transform_matrix": [
        [
          -0.9870240592023506,
          -0.07336128232474257,
          0.1428342700424738,
          0.5016077568786158
        ],
        [
          0.129437159367432,
          -0.8899146468939763,
          0.4373762029490447,
          1.0245935546312368
        ],
        [
          0.09502382988253788,
          0.45018889740789575,
          0.887862843112586,
          3.4148664065593097
        ],
        [
          0.0,
          0.0,
          0.0,
          1.0
        ]
      ]
    },
    {
      "file_path": "./images/20230729_110150.jpg",
      "sharpness": 26.696768994045282,
      "transform_matrix": [
        [
          -0.9672102761170792,
          -0.19540524175567678,
          0.16223770571328813,
          0.4162708979240353
        ],
        [
          0.25388699007445087,
          -0.726891764440711,
          0.6380985495570967,
          2.1859794655933795
        ],
        [
          -0.0067585491754064775,
          0.6583655170871582,
          0.7526680328660501,
          3.1892968417904384
        ],
        [
          0.0,
          0.0,
          0.0,
          1.0
        ]
      ]
    },
    {
      "file_path": "./images/20230729_110152.jpg",
      "sharpness": 55.74454049754974,
      "transform_matrix": [
        [
          -0.9749575806926607,
          -0.12828526855692376,
          0.18166068812039252,
          0.5906875810868372
        ],
        [
          0.2117832908433634,
          -0.784843553774127,
          0.5823816907376294,
          2.0437741941533223
        ],
        [
          0.06786422844654998,
          0.6062701425882672,
          0.7923578487515627,
          3.037260015523705
        ],
        [
          0.0,
          0.0,
          0.0,
          1.0
        ]
      ]
    },
    {
      "file_path": "./images/20230729_110152(1).jpg",
      "sharpness": 60.44646756747838,
      "transform_matrix": [
        [
          -0.9836651833777444,
          -0.10795931488118492,
          0.1440402486390377,
          0.32201967063931675
        ],
        [
          0.16851363903952954,
          -0.8336356179655694,
          0.5259798568429058,
          1.652232093542284
        ],
        [
          0.06329265670005474,
          0.5416608188006995,
          0.8382109500351642,
          3.178875035677425
        ],
        [
          0.0,
          0.0,
          0.0,
          1.0
        ]
      ]
    },
    {
      "file_path": "./images/20230729_110154.jpg",
      "sharpness": 33.82437238941415,
      "transform_matrix": [
        [
          -0.9935666575669507,
          -0.01859558094798608,
          0.11171168796337605,
          0.30830641403550785
        ],
        [
          0.04677612780494639,
          -0.9657373952240529,
          0.2552709878170685,
          1.0120040032625532
        ],
        [
          0.1031372422322083,
          0.25885418233269974,
          0.9603943051312058,
          3.3110459135810024
        ],
        [
          0.0,
          0.0,
          0.0,
          1.0
        ]
      ]
    },
    {
      "file_path": "./images/20230729_110157.jpg",
      "sharpness": 37.02723807435575,
      "transform_matrix": [
        [
          -0.9783058180379826,
          0.1291606451967401,
          0.16197300396232028,
          0.4322424820156866
        ],
        [
          -0.1193678751109171,
          -0.9904606698615849,
          0.06884018983493258,
          -0.25158482377408303
        ],
        [
          0.16931933333855897,
          0.048012384922039505,
          0.9843910676284761,
          3.1599242966162793
        ],
        [
          0.0,
          0.0,
          0.0,
          1.0
        ]
      ]
    },
    {
      "file_path": "./images/20230729_110155.jpg",
      "sharpness": 40.584181905092514,
      "transform_matrix": [
        [
          -0.9953280872627209,
          -0.025493611148136665,
          0.09312397319564296,
          0.23975561121613456
        ],
        [
          0.05105696223265184,
          -0.9575955233056372,
          0.28355599136720866,
          0.8893357436838004
        ],
        [
          0.0819462336619417,
          0.2869858697018127,
          0.9544233469247091,
          3.5229977530236063
        ],
        [
          0.0,
          0.0,
          0.0,
          1.0
        ]
      ]
    },
    {
      "file_path": "./images/20230729_110158.jpg",
      "sharpness": 30.051500144614394,
      "transform_matrix": [
        [
          -0.9733198217401693,
          0.200007118535275,
          0.11245299920448572,
          0.5748154652800386
        ],
        [
          -0.21572309864553824,
          -0.964633921525811,
          -0.15147587940054394,
          -0.4344480872441395
        ],
        [
          0.0781797234434624,
          -0.17169318537644873,
          0.9820434719056177,
          3.619937645496001
        ],
        [
          0.0,
          0.0,
          0.0,
          1.0
        ]
      ]
    },
    {
      "file_path": "./images/20230729_110159.jpg",
      "sharpness": 31.328344999879054,
      "transform_matrix": [
        [
          -0.9701715408245007,
          0.22531398610158546,
          0.08944712923515649,
          0.4230245458109618
        ],
        [
          -0.23871057004954443,
          -0.9522151264287122,
          -0.19053507980064305,
          -0.8508759356067898
        ],
        [
          0.04224269115127312,
          -0.20620368716032839,
          0.9775968464661854,
          3.4901454032289343
        ],
        [
          0.0,
          0.0,
          0.0,
          1.0
        ]
      ]
    },
    {
      "file_path": "./images/20230729_110155(0).jpg",
      "sharpness": 47.70479457849151,
      "transform_matrix": [
        [
          -0.997509019603705,
          0.01370823576602101,
          0.06919421918499372,
          0.16451580677561461
        ],
        [
          0.003103634054029397,
          -0.9714559465872479,
          0.23719972846442747,
          0.32168622025408194
        ],
        [
          0.07047072549815006,
          0.23682362212582087,
          0.9689935235210907,
          3.448760883381146
        ],
        [
          0.0,
          0.0,
          0.0,
          1.0
        ]
      ]
    },
    {
      "file_path": "./images/20230729_110204.jpg",
      "sharpness": 21.004622249144457,
      "transform_matrix": [
        [
          -0.8898985248370304,
          0.4216880644109668,
          0.17395341822853566,
          1.115965658225482
        ],
        [
          -0.4428003445773192,
          -0.7069505622774492,
          -0.5514968333775548,
          -2.013945429135005
        ],
        [
          -0.10958316536901108,
          -0.5678028520069777,
          0.8158378827287303,
          3.143281097577253
        ],
        [
          0.0,
          0.0,
          0.0,
          1.0
        ]
      ]
    },
    {
      "file_path": "./images/20230729_110201.jpg",
      "sharpness": 22.190695583047148,
      "transform_matrix": [
        [
          -0.9406493517401071,
          0.311719879054071,
          0.1341995304038506,
          0.6511454741041881
        ],
        [
          -0.3388745021502753,
          -0.8411230678043631,
          -0.42151637748425036,
          -1.5047856392394656
        ],
        [
          -0.018516713497508868,
          -0.4419759062828041,
          0.8968357872886166,
          3.3404151515893177
        ],
        [
          0.0,
          0.0,
          0.0,
          1.0
        ]
      ]
    },
    {
      "file_path": "./images/20230729_110209.jpg",
      "sharpness": 24.98155233266597,
      "transform_matrix": [
        [
          -0.8142244767306085,
          0.47472312458165644,
          0.3341802752518138,
          1.6889751390900112
        ],
        [
          -0.5066937427402256,
          -0.30013024149686646,
          -0.808197555734116,
          -3.193855337859459
        ],
        [
          -0.28337246222254087,
          -0.8273812863298677,
          0.4849126255934313,
          1.6421674140539597
        ],
        [
          0.0,
          0.0,
          0.0,
          1.0
        ]
      ]
    },
    {
      "file_path": "./images/20230729_110210(0).jpg",
      "sharpness": 40.83504841658409,
      "transform_matrix": [
        [
          -0.7895868133933028,
          0.4544946413214562,
          0.41229514308644555,
          1.97934573144597
        ],
        [
          -0.5090457943079671,
          -0.10993181965120931,
          -0.8536904440212559,
          -3.193224600958163
        ],
        [
          -0.342673376842147,
          -0.8839398259208139,
          0.3181593008691211,
          0.8749343212922044
        ],
        [
          0.0,
          0.0,
          0.0,
          1.0
        ]
      ]
    },
    {
      "file_path": "./images/20230729_110205.jpg",
      "sharpness": 30.46076141662551,
      "transform_matrix": [
        [
          -0.8974125420700818,
          0.41251394323712043,
          0.15647036734621023,
          0.9138716122912529
        ],
        [
          -0.4181589889846734,
          -0.6821786214961268,
          -0.5998127942888715,
          -2.4735909533050098
        ],
        [
          -0.14069040147494816,
          -0.6037090151044868,
          0.7846920643088185,
          2.688172084842116
        ],
        [
          0.0,
          0.0,
          0.0,
          1.0
        ]
      ]
    },
    {
      "file_path": "./images/20230729_110207.jpg",
      "sharpness": 50.626598165297715,
      "transform_matrix": [
        [
          -0.8415247698040585,
          0.46381081755981,
          0.27697578812580154,
          1.4136894292740005
        ],
        [
          -0.49745072564111276,
          -0.465366180800084,
          -0.7321045643993337,
          -2.902844709181362
        ],
        [
          -0.2106628518591262,
          -0.753865931816849,
          0.6223401959277103,
          2.0636665130509724
        ],
        [
          0.0,
          0.0,
          0.0,
          1.0
        ]
      ]
    },
    {
      "file_path": "./images/20230729_110210.jpg",
      "sharpness": 31.951867333326227,
      "transform_matrix": [
        [
          -0.8001889675026438,
          0.47860041646983703,
          0.36144053111007607,
          1.8893165626157586
        ],
        [
          -0.5049752340052845,
          -0.21251015490470923,
          -0.8365640722570803,
          -2.908444588001583
        ],
        [
          -0.3235701301308989,
          -0.8519278580055053,
          0.41172963873890883,
          1.4565932897960399
        ],
        [
          0.0,
          0.0,
          0.0,
          1.0
        ]
      ]
    },
    {
      "file_path": "./images/20230729_110213(0).jpg",
      "sharpness": 48.34181733324623,
      "transform_matrix": [
        [
          -0.7480817020997491,
          0.429995327553985,
          0.5054481033226517,
          1.9934250866783394
        ],
        [
          -0.49974032152679915,
          0.13609882680983246,
          -0.8554161094280044,
          -3.226346251883117
        ],
        [
          -0.4366158240439183,
          -0.8925139368140194,
          0.11307296123317144,
          0.2816995076762037
        ],
        [
          0.0,
          0.0,
          0.0,
          1.0
        ]
      ]
    },
    {
      "file_path": "./images/20230729_110211(0).jpg",
      "sharpness": 31.74903858332388,
      "transform_matrix": [
        [
          -0.7806671004122523,
          0.44086158733565534,
          0.44294462298688614,
          1.836689465908541
        ],
        [
          -0.49596317144969093,
          -0.0058127987248684275,
          -0.8683241006814294,
          -3.2799037462359615
        ],
        [
          -0.3802359934085352,
          -0.8975562778902121,
          0.22318897175115954,
          0.7002005101973736
        ],
        [
          0.0,
          0.0,
          0.0,
          1.0
        ]
      ]
    },
    {
      "file_path": "./images/20230729_110211.jpg",
      "sharpness": 27.113555498798185,
      "transform_matrix": [
        [
          -0.7835570834051816,
          0.4394066388582312,
          0.43927224207780263,
          1.8011188103240043
        ],
        [
          -0.4923009611468498,
          -0.007754816816341557,
          -0.8703905022216736,
          -3.1686386174616192
        ],
        [
          -0.3790488893055367,
          -0.8982547903244198,
          0.22239665229116784,
          0.8449735818715419
        ],
        [
          0.0,
          0.0,
          0.0,
          1.0
        ]
      ]
    },
    {
      "file_path": "./images/20230729_110213.jpg",
      "sharpness": 32.61814274999043,
      "transform_matrix": [
        [
          -0.7533201033841757,
          0.4484542698116711,
          0.4810380334361496,
          1.7247991105961042
        ],
        [
          -0.5062110789971106,
          0.07154122722049962,
          -0.8594371391765839,
          -2.932948994264976
        ],
        [
          -0.4198323059502245,
          -0.8909380564810658,
          0.1731190751162498,
          0.4170187953080623
        ],
        [
          0.0,
          0.0,
          0.0,
          1.0
        ]
      ]
    },
    {
      "file_path": "./images/20230729_110215.jpg",
      "sharpness": 27.4891311661222,
      "transform_matrix": [
        [
          -0.6968572134297516,
          0.4278270481281064,
          0.575633599495456,
          2.111643074659086
        ],
        [
          -0.44464301818387586,
          0.3720365921393564,
          -0.8147891508711519,
          -3.274659082362132
        ],
        [
          -0.5627455999412121,
          -0.8237431582565721,
          -0.06902607295175332,
          -0.3050267761024318
        ],
        [
          0.0,
          0.0,
          0.0,
          1.0
        ]
      ]
    },
    {
      "file_path": "./images/20230729_110214.jpg",
      "sharpness": 35.7031704997166,
      "transform_matrix": [
        [
          -0.7394373618661189,
          0.39384893855312214,
          0.5459994517984758,
          2.2946229455772778
        ],
        [
          -0.46620727309436927,
          0.28552235657389435,
          -0.8373337221789572,
          -3.194722156742521
        ],
        [
          -0.4856780478604725,
          -0.8737047540635337,
          -0.027510658444834694,
          -0.1749887095266981
        ],
        [
          0.0,
          0.0,
          0.0,
          1.0
        ]
      ]
    },
    {
      "file_path": "./images/20230729_110215(0).jpg",
      "sharpness": 106.12025949722637,
      "transform_matrix": [
        [
          -0.7435096615062425,
          0.4009747261937884,
          0.5351753470479291,
          2.4207610593061717
        ],
        [
          -0.42090218852377564,
          0.34128452053283226,
          -0.840455961742336,
          -3.3949508172407494
        ],
        [
          -0.5196486608558152,
          -0.8501436024423923,
          -0.08497719854099887,
          -0.2694501789500753
        ],
        [
          0.0,
          0.0,
          0.0,
          1.0
        ]
      ]
    },
    {
      "file_path": "./images/20230729_110217.jpg",
      "sharpness": 32.18403224426195,
      "transform_matrix": [
        [
          -0.6853228544031263,
          0.36297400899984356,
          0.6313338688130988,
          2.725108760408191
        ],
        [
          -0.4064299363442088,
          0.5287201636703144,
          -0.7451642069096875,
          -3.093831580945462
        ],
        [
          -0.6042741859946726,
          -0.7672710453920398,
          -0.21482050837461922,
          -1.3638300726240262
        ],
        [
          0.0,
          0.0,
          0.0,
          1.0
        ]
      ]
    },
    {
      "file_path": "./images/20230729_110216.jpg",
      "sharpness": 118.60468653947797,
      "transform_matrix": [
        [
          -0.726084937036659,
          0.3664757431609261,
          0.5818042572638156,
          2.6111255837019707
        ],
        [
          -0.4214885979863698,
          0.43131264851863965,
          -0.797694653914006,
          -3.3314914102732445
        ],
        [
          -0.5432752762285094,
          -0.8244179332582573,
          -0.15870427006185944,
          -1.104221176814358
        ],
        [
          0.0,
          0.0,
          0.0,
          1.0
        ]
      ]
    },
    {
      "file_path": "./images/interpolated_frame_0.17.jpg",
      "sharpness": 0,
      "transform_matrix": [
        [
          -0.6516545688261006,
          -0.010915531904249758,
          0.7354671353087325,
          3.278614360111127
        ],
        [
          -0.06691739063484349,
          0.8996519500393734,
          -0.036845217537339506,
          -0.3068861062720041
        ],
        [
          -0.7330831181028317,
          -0.07365507024190543,
          -0.5532585931682011,
          -3.281084829687998
        ],
        [
          0.0,
          0.0,
          0.0,
          1.0
        ]
      ]
    },
    {
      "file_path": "./images/interpolated_frame_0.33.jpg",
      "sharpness": 0,
      "transform_matrix": [
        [
          -0.6665406424682124,
          0.06456272310878541,
          0.7047345596997492,
          3.224977715671975
        ],
        [
          -0.13783163210514876,
          0.8059840897352267,
          -0.18901510481267275,
          -1.112513640043167
        ],
        [
          -0.6951215497279672,
          -0.2238076428451758,
          -0.4743477285469329,
          -3.009831202878223
        ],
        [
          0.0,
          0.0,
          0.0,
          1.0
        ]
      ]
    },
    {
      "file_path": "./images/interpolated_frame_0.50.jpg",
      "sharpness": 0,
      "transform_matrix": [
        [
          -0.681426716110324,
          0.1400409781218206,
          0.6740019840907657,
          3.1063612867561208
        ],
        [
          -0.20874587357545402,
          0.7123162294310799,
          -0.3411849920880061,
          -1.8596849555124737
        ],
        [
          -0.6571599813531027,
          -0.3739602154484462,
          -0.39543686392566446,
          -2.5870870964230352
        ],
        [
          0.0,
          0.0,
          0.0,
          1.0
        ]
      ]
    },
    {
      "file_path": "./images/interpolated_frame_0.67.jpg",
      "sharpness": 0,
      "transform_matrix": [
        [
          -0.6963127897524357,
          0.21551923313485577,
          0.6432694084817823,
          2.9407300693063894
        ],
        [
          -0.27966011504575927,
          0.6186483691269331,
          -0.4933548793633393,
          -2.4663505595128954
        ],
        [
          -0.6191984129782383,
          -0.5241127880517165,
          -0.3165259993043962,
          -2.0715516107724854
        ],
        [
          0.0,
          0.0,
          0.0,
          1.0
        ]
      ]
    },
    {
      "file_path": "./images/interpolated_frame_0.83.jpg",
      "sharpness": 0,
      "transform_matrix": [
        [
          -0.7111988633945473,
          0.29099748814789095,
          0.612536832872799,
          2.7570706331785737
        ],
        [
          -0.3505743565160645,
          0.5249805088227865,
          -0.6455247666386726,
          -2.9049871951336814
        ],
        [
          -0.5812368446033738,
          -0.6742653606549869,
          -0.23761513468312784,
          -1.5399802948211498
        ],
        [
          0.0,
          0.0,
          0.0,
          1.0
        ]
      ]
    }
  ]
}