{
  "camera_angle_x": 0.6292791025173697,
  "camera_angle_y": 1.0503556558661644,
  "fl_x": 1106.1580828318265,
  "fl_y": 1104.4811652584742,
  "k1": 0.002862661870586799,
  "k2": -0.023646776645541507,
  "k3": 0,
  "k4": 0,
  "p1": -0.0013860755644439203,
  "p2": -0.0008326116986770802,
  "is_fisheye": false,
  "cx": 348.85789941224635,
  "cy": 646.8103348208892,
  "w": 720.0,
  "h": 1280.0,
  "aabb_scale": 32,
  "frames": [
    {
      "file_path": "./images/frame_0078.jpg",
      "sharpness": 98.91806748987716,
      "transform_matrix": [
        [
          -0.42346174583632346,
          -0.48656324177797083,
          0.7641572885434549,
          2.6394742904632924
        ],
        [
          0.9058324875941356,
          -0.2387337725194217,
          0.3499624126640884,
          1.4630517971310428
        ],
        [
          0.012151306285912378,
          0.8403941918383343,
          0.5418394117727723,
          2.1112802034022047
        ],
        [
          0.0,
          0.0,
          0.0,
          1.0
        ]
      ]
    },
    {
      "file_path": "./images/frame_0072.jpg",
      "sharpness": 83.23512241396375,
      "transform_matrix": [
        [
          -0.36257951823895546,
          -0.5017366544693109,
          0.7853638790941879,
          2.6746394372703017
        ],
        [
          0.9318839902765442,
          -0.20543112044587863,
          0.29898207875827787,
          1.244401232474905
        ],
        [
          0.011327913697582197,
          0.8402728035476151,
          0.5420454723174208,
          2.109399132870332
        ],
        [
          0.0,
          0.0,
          0.0,
          1.0
        ]
      ]
    },
    {
      "file_path": "./images/frame_0084.jpg",
      "sharpness": 92.29205827975684,
      "transform_matrix": [
        [
          -0.4836007769257035,
          -0.46998685465497964,
          0.7384054747079649,
          2.566498919855542
        ],
        [
          0.8752075531083285,
          -0.2711319529980549,
          0.4006235178388778,
          1.651450346372212
        ],
        [
          0.011917531412118975,
          0.8399998932025415,
          0.5424556681749071,
          2.093283332270204
        ],
        [
          0.0,
          0.0,
          0.0,
          1.0
        ]
      ]
    },
    {
      "file_path": "./images/frame_0096.jpg",
      "sharpness": 103.16945182324515,
      "transform_matrix": [
        [
          -0.6014605618134836,
          -0.42749896981403335,
          0.6748998618026743,
          2.2823467905017405
        ],
        [
          0.7987411419977918,
          -0.33875887377134534,
          0.4972474369177159,
          1.9704993232707628
        ],
        [
          0.016055550067718295,
          0.8381450091192639,
          0.545211117889957,
          2.091920607272598
        ],
        [
          0.0,
          0.0,
          0.0,
          1.0
        ]
      ]
    },
    {
      "file_path": "./images/frame_0090.jpg",
      "sharpness": 99.58616969163208,
      "transform_matrix": [
        [
          -0.5431990938329404,
          -0.44947791485005784,
          0.7091574920928612,
          2.428369793776556
        ],
        [
          0.8394684161692446,
          -0.30592629881801586,
          0.4491123221932515,
          1.7983042682372838
        ],
        [
          0.015083856722145432,
          0.8392727231463295,
          0.5435014015798441,
          2.0756863938668104
        ],
        [
          0.0,
          0.0,
          0.0,
          1.0
        ]
      ]
    },
    {
      "file_path": "./images/frame_0102.jpg",
      "sharpness": 82.70508344367582,
      "transform_matrix": [
        [
          -0.6577961110437743,
          -0.4023928536918751,
          0.6366979406780862,
          2.084426431676912
        ],
        [
          0.7529368991170345,
          -0.37347746737450865,
          0.5418492477724336,
          2.1160727910584187
        ],
        [
          0.019756069285071242,
          0.8358197010850612,
          0.5486484530870449,
          2.0463506210278446
        ],
        [
          0.0,
          0.0,
          0.0,
          1.0
        ]
      ]
    },
    {
      "file_path": "./images/frame_0108.jpg",
      "sharpness": 71.76929776503832,
      "transform_matrix": [
        [
          -0.6940455752124517,
          -0.3840950183939667,
          0.6089103024611058,
          1.960871919281556
        ],
        [
          0.7196223311495681,
          -0.39489316013121406,
          0.5711419198346845,
          2.2138890787868015
        ],
        [
          0.021081747370850716,
          0.8345839735976573,
          0.5504772029903339,
          2.0131835483223335
        ],
        [
          0.0,
          0.0,
          0.0,
          1.0
        ]
      ]
    },
    {
      "file_path": "./images/frame_0114.jpg",
      "sharpness": 81.65227213449359,
      "transform_matrix": [
        [
          -0.7479577841931151,
          -0.3527489617450433,
          0.5622520103325908,
          1.817013807080479
        ],
        [
          0.6633629030286673,
          -0.42606127020329704,
          0.6151596970853478,
          2.416165162721135
        ],
        [
          0.02255686124240895,
          0.8330906097647962,
          0.5526764188953024,
          2.084515388272661
        ],
        [
          0.0,
          0.0,
          0.0,
          1.0
        ]
      ]
    },
    {
      "file_path": "./images/frame_0126.jpg",
      "sharpness": 55.749751085294314,
      "transform_matrix": [
        [
          -0.8506114556335229,
          -0.2759590158908577,
          0.44755644690238616,
          1.3221792035618884
        ],
        [
          0.5250265893518221,
          -0.4917795052974464,
          0.694622198495698,
          2.735771985140616
        ],
        [
          0.028411829737521443,
          0.8258326342373633,
          0.5631991017658572,
          2.148735189930989
        ],
        [
          0.0,
          0.0,
          0.0,
          1.0
        ]
      ]
    },
    {
      "file_path": "./images/frame_0144.jpg",
      "sharpness": 38.98989567040336,
      "transform_matrix": [
        [
          -0.9572273063287032,
          -0.15171327354944414,
          0.24637160290489304,
          0.7390449986150277
        ],
        [
          0.2883533475762246,
          -0.570366776187201,
          0.7691125324446412,
          3.11298161795038
        ],
        [
          0.02383759686785754,
          0.8072575941409775,
          0.5897176830887905,
          2.1810951633667757
        ],
        [
          0.0,
          0.0,
          0.0,
          1.0
        ]
      ]
    },
    {
      "file_path": "./images/frame_0120.jpg",
      "sharpness": 85.22823782212522,
      "transform_matrix": [
        [
          -0.8009585117763505,
          -0.3150663208398767,
          0.5091155821184005,
          1.5978988825890672
        ],
        [
          0.5981307382102447,
          -0.45878912896629853,
          0.6570784999909962,
          2.584150913052503
        ],
        [
          0.026553388968122888,
          0.8308102964398424,
          0.5559219090251558,
          2.1957463587249832
        ],
        [
          0.0,
          0.0,
          0.0,
          1.0
        ]
      ]
    },
    {
      "file_path": "./images/frame_0138.jpg",
      "sharpness": 56.387253436387624,
      "transform_matrix": [
        [
          -0.9290637632684706,
          -0.19628772322479737,
          0.3135468921277528,
          0.8791990494097466
        ],
        [
          0.3690943052350534,
          -0.5484702659656833,
          0.7502997808840082,
          3.0357820863141654
        ],
        [
          0.024696511592235647,
          0.8128047103161089,
          0.5820125301687636,
          2.1798985295412656
        ],
        [
          0.0,
          0.0,
          0.0,
          1.0
        ]
      ]
    },
    {
      "file_path": "./images/frame_0132.jpg",
      "sharpness": 102.25842088190598,
      "transform_matrix": [
        [
          -0.8936391555892241,
          -0.23776615892953473,
          0.3806262120978981,
          1.0792464828518509
        ],
        [
          0.44803700297241583,
          -0.5216442446853289,
          0.7260510491378501,
          2.934115151368553
        ],
        [
          0.0259211037769803,
          0.819362273787304,
          0.5726897595936277,
          2.097926893900102
        ],
        [
          0.0,
          0.0,
          0.0,
          1.0
        ]
      ]
    },
    {
      "file_path": "./images/frame_0150.jpg",
      "sharpness": 50.48835330763453,
      "transform_matrix": [
        [
          -0.9779839984628156,
          -0.10780216552520143,
          0.1786784596113367,
          0.6109751173687175
        ],
        [
          0.20768409892357667,
          -0.5863543260930169,
          0.7829788754023383,
          3.2218546941131416
        ],
        [
          0.020362069443884686,
          0.802849486159331,
          0.5958339439575302,
          2.0720880396380292
        ],
        [
          0.0,
          0.0,
          0.0,
          1.0
        ]
      ]
    },
    {
      "file_path": "./images/frame_0162.jpg",
      "sharpness": 69.47561522363615,
      "transform_matrix": [
        [
          -0.9972993060992564,
          -0.03191576904987194,
          0.06614739458373595,
          0.20438457451520697
        ],
        [
          0.0722607385320831,
          -0.5874485200692453,
          0.8060289212771806,
          3.4069810738758006
        ],
        [
          0.013133156155652205,
          0.8086319434702589,
          0.5881682584764569,
          2.150976207991881
        ],
        [
          0.0,
          0.0,
          0.0,
          1.0
        ]
      ]
    },
    {
      "file_path": "./images/frame_0156.jpg",
      "sharpness": 81.13047416974176,
      "transform_matrix": [
        [
          -0.9906489632965042,
          -0.06888791729857621,
          0.1177670855551165,
          0.4160970533986288
        ],
        [
          0.13563493602572163,
          -0.5906230843780507,
          0.7954668668958256,
          3.3491658072958064
        ],
        [
          0.014757903568299521,
          0.8040017581422717,
          0.5944437544938372,
          2.0776902779409165
        ],
        [
          0.0,
          0.0,
          0.0,
          1.0
        ]
      ]
    },
    {
      "file_path": "./images/frame_0168.jpg",
      "sharpness": 69.86312499208333,
      "transform_matrix": [
        [
          -0.9998150824483641,
          0.004666662437017155,
          0.01865538101432301,
          0.08181980500406053
        ],
        [
          0.012425279800685633,
          -0.5836398100301294,
          0.8119175971549536,
          3.4696989986544957
        ],
        [
          0.014676968383835356,
          0.811999257669649,
          0.5834739001989063,
          2.1511370568423924
        ],
        [
          0.0,
          0.0,
          0.0,
          1.0
        ]
      ]
    },
    {
      "file_path": "./images/frame_0180.jpg",
      "sharpness": 80.61403206107059,
      "transform_matrix": [
        [
          -0.9943571397110453,
          0.08096873772008956,
          -0.06854153695390727,
          -0.33030962009027837
        ],
        [
          -0.10261016990171355,
          -0.5700928642031086,
          0.8151473972340474,
          3.429294782814351
        ],
        [
          0.026926414690920844,
          0.8175806931087161,
          0.5751841257528661,
          2.0091147818806308
        ],
        [
          0.0,
          0.0,
          0.0,
          1.0
        ]
      ]
    },
    {
      "file_path": "./images/frame_0174.jpg",
      "sharpness": 69.96003355560305,
      "transform_matrix": [
        [
          -0.9987483878229771,
          0.04284963283219721,
          -0.025798582470157212,
          -0.11389671396492264
        ],
        [
          -0.04583081969134636,
          -0.5774709528719646,
          0.8151238154756425,
          3.466137074978604
        ],
        [
          0.02002982420412327,
          0.8152859667638939,
          0.578712016991646,
          2.0705608569591485
        ],
        [
          0.0,
          0.0,
          0.0,
          1.0
        ]
      ]
    },
    {
      "file_path": "./images/frame_0186.jpg",
      "sharpness": 77.77082521404573,
      "transform_matrix": [
        [
          -0.9864787887414568,
          0.11882509277270262,
          -0.11287248008733591,
          -0.5136935528186014
        ],
        [
          -0.16053438418116198,
          -0.5619583373302808,
          0.8114379450090844,
          3.3891137599212375
        ],
        [
          0.03298955785477121,
          0.8185862352132398,
          0.5734354930262741,
          2.066205937770799
        ],
        [
          0.0,
          0.0,
          0.0,
          1.0
        ]
      ]
    },
    {
      "file_path": "./images/frame_0192.jpg",
      "sharpness": 82.66453339836215,
      "transform_matrix": [
        [
          -0.9740577600800006,
          0.15613576422771308,
          -0.16380812930767422,
          -0.7448304316745992
        ],
        [
          -0.22365526485059214,
          -0.5538670082404518,
          0.8020035284756467,
          3.310245009580487
        ],
        [
          0.034493515326760864,
          0.8178343110682335,
          0.5744190431299047,
          2.009376244832903
        ],
        [
          0.0,
          0.0,
          0.0,
          1.0
        ]
      ]
    },
    {
      "file_path": "./images/frame_0198.jpg",
      "sharpness": 68.79696514930257,
      "transform_matrix": [
        [
          -0.9565496106875377,
          0.1921339434425031,
          -0.21931117194769778,
          -1.0022966798766795
        ],
        [
          -0.2897947802287999,
          -0.5436283563367592,
          0.7877100961259415,
          3.2165246275533277
        ],
        [
          0.03212207512593513,
          0.8170390186602162,
          0.575686906527046,
          2.010432529528296
        ],
        [
          0.0,
          0.0,
          0.0,
          1.0
        ]
      ]
    },
    {
      "file_path": "./images/frame_0210.jpg",
      "sharpness": 84.66697698522024,
      "transform_matrix": [
        [
          -0.9096853067653712,
          0.2599360478353487,
          -0.32389179329098605,
          -1.4784504442136983
        ],
        [
          -0.414442925380424,
          -0.5181726638271513,
          0.748153829145046,
          2.949240345813515
        ],
        [
          0.02664027619950249,
          0.8148192078917268,
          0.57910271472774,
          2.1430055195508597
        ],
        [
          0.0,
          0.0,
          0.0,
          1.0
        ]
      ]
    },
    {
      "file_path": "./images/frame_0204.jpg",
      "sharpness": 68.4101539516449,
      "transform_matrix": [
        [
          -0.9285582089775103,
          0.23639074527088488,
          -0.28618013236609163,
          -1.306688212059056
        ],
        [
          -0.37001634408374146,
          -0.5283094504666643,
          0.7641838978011234,
          3.05743772634872
        ],
        [
          0.029454332660410285,
          0.8154805577991665,
          0.5780345164515825,
          2.143434190249096
        ],
        [
          0.0,
          0.0,
          0.0,
          1.0
        ]
      ]
    },
    {
      "file_path": "./images/frame_0216.jpg",
      "sharpness": 65.31292317255746,
      "transform_matrix": [
        [
          -0.8780974820973381,
          0.29322543224600645,
          -0.378105352896223,
          -1.6357007307640057
        ],
        [
          -0.4779184763034587,
          -0.4991533107382035,
          0.7228000431563875,
          2.7709245894117482
        ],
        [
          0.023210816375977477,
          0.8153924320938158,
          0.5784431171322012,
          2.078178707600833
        ],
        [
          0.0,
          0.0,
          0.0,
          1.0
        ]
      ]
    },
    {
      "file_path": "./images/frame_0222.jpg",
      "sharpness": 83.08113280419244,
      "transform_matrix": [
        [
          -0.84115514831216,
          0.32490361605475077,
          -0.4323143032711444,
          -1.78999746503983
        ],
        [
          -0.5404648165869057,
          -0.4771672881016677,
          0.6929712556790412,
          2.6933057805219356
        ],
        [
          0.01886262309266767,
          0.816547009972103,
          0.5769706942523227,
          2.065002484751782
        ],
        [
          0.0,
          0.0,
          0.0,
          1.0
        ]
      ]
    },
    {
      "file_path": "./images/frame_0234.jpg",
      "sharpness": 71.0647395793726,
      "transform_matrix": [
        [
          -0.7505838022953153,
          0.3878514784968372,
          -0.534972136124905,
          -2.1600048583231524
        ],
        [
          -0.6607243277205676,
          -0.43047902541165617,
          0.6149237118853355,
          2.343608482724691
        ],
        [
          0.008204787036049504,
          0.8150208827788082,
          0.5793734910871138,
          2.1826570233702607
        ],
        [
          0.0,
          0.0,
          0.0,
          1.0
        ]
      ]
    },
    {
      "file_path": "./images/frame_0240.jpg",
      "sharpness": 68.17194875533022,
      "transform_matrix": [
        [
          -0.7011157061771505,
          0.4178994072014231,
          -0.5777515487497491,
          -2.380555424891979
        ],
        [
          -0.71303586643541,
          -0.4062672393826343,
          0.5714252211629457,
          2.1130375318392907
        ],
        [
          0.004076734424334926,
          0.8125927736102714,
          0.5828176083331085,
          2.164568886325386
        ],
        [
          0.0,
          0.0,
          0.0,
          1.0
        ]
      ]
    },
    {
      "file_path": "./images/frame_0228.jpg",
      "sharpness": 68.9972786315871,
      "transform_matrix": [
        [
          -0.7980510363080945,
          0.35667161822159316,
          -0.4856952751191702,
          -1.9311178343482145
        ],
        [
          -0.602422708714043,
          -0.4532501686683009,
          0.6570016473554663,
          2.522406607743331
        ],
        [
          0.014192375367365766,
          0.8169147087750582,
          0.5765838491830295,
          2.150994250949981
        ],
        [
          0.0,
          0.0,
          0.0,
          1.0
        ]
      ]
    },
    {
      "file_path": "./images/frame_0246.jpg",
      "sharpness": 44.244473713758246,
      "transform_matrix": [
        [
          -0.6514830994924978,
          0.44486845742100384,
          -0.6145419649932987,
          -2.5002396558049425
        ],
        [
          -0.7586630463688483,
          -0.38160178356427205,
          0.5280250570331961,
          1.913886919972923
        ],
        [
          0.0003913826854601399,
          0.8102296800490036,
          0.5861123718687462,
          2.1079482475016773
        ],
        [
          0.0,
          0.0,
          0.0,
          1.0
        ]
      ]
    },
    {
      "file_path": "./images/frame_0252.jpg",
      "sharpness": 50.0398882157491,
      "transform_matrix": [
        [
          -0.6001732391628436,
          0.4681368083913219,
          -0.6485676616146436,
          -2.5321671661623073
        ],
        [
          -0.7998611828595772,
          -0.35507324874553137,
          0.4838853957082985,
          1.7982595233668452
        ],
        [
          -0.0037644618667492325,
          0.8091791623094029,
          0.5875499231396696,
          2.103494507495207
        ],
        [
          0.0,
          0.0,
          0.0,
          1.0
        ]
      ]
    },
    {
      "file_path": "./images/frame_0258.jpg",
      "sharpness": 79.21712948794887,
      "transform_matrix": [
        [
          -0.5492979635911841,
          0.48932177277306516,
          -0.6773743056502237,
          -2.6280832393323093
        ],
        [
          -0.8356093888411241,
          -0.32684497406180196,
          0.4415079979016322,
          1.7661698999268547
        ],
        [
          -0.005356911133665038,
          0.808539773717652,
          0.5884171461557178,
          2.1409107774292737
        ],
        [
          0.0,
          0.0,
          0.0,
          1.0
        ]
      ]
    },
    {
      "file_path": "./images/frame_0270.jpg",
      "sharpness": 61.15528617349791,
      "transform_matrix": [
        [
          -0.48358293094984817,
          0.5132393031411532,
          -0.7090366469199301,
          -2.7386331244530058
        ],
        [
          -0.875294903620372,
          -0.28588978208670224,
          0.3900331578143403,
          1.7243631900011023
        ],
        [
          -0.0025259863608494146,
          0.8092295411525755,
          0.5874871651272237,
          2.286410862606122
        ],
        [
          0.0,
          0.0,
          0.0,
          1.0
        ]
      ]
    },
    {
      "file_path": "./images/frame_0264.jpg",
      "sharpness": 56.711409230548924,
      "transform_matrix": [
        [
          -0.5159222114218807,
          0.5005258162771622,
          -0.6951965039267363,
          -2.680655498446901
        ],
        [
          -0.856615992370213,
          -0.30691068507051245,
          0.41474675767888564,
          1.745778513352596
        ],
        [
          -0.005771775843249202,
          0.8094935075052496,
          0.5871004581677557,
          2.259952123857576
        ],
        [
          0.0,
          0.0,
          0.0,
          1.0
        ]
      ]
    },
    {
      "file_path": "./images/frame_0276.jpg",
      "sharpness": 49.34532765078957,
      "transform_matrix": [
        [
          -0.4511482712110991,
          0.522041236882471,
          -0.7238357441075817,
          -2.732579371175132
        ],
        [
          -0.8924488648276014,
          -0.2643651025441337,
          0.36557641639575167,
          1.5940524132016132
        ],
        [
          -0.0005109461258108291,
          0.8109155564029458,
          0.5851629682302889,
          2.3208193777632014
        ],
        [
          0.0,
          0.0,
          0.0,
          1.0
        ]
      ]
    },
    {
      "file_path": "./images/frame_0282.jpg",
      "sharpness": 60.89483722428215,
      "transform_matrix": [
        [
          -0.41760472066421184,
          0.5284722378763792,
          -0.7391369231361784,
          -2.788673231634191
        ],
        [
          -0.9086287999777627,
          -0.2428549518229246,
          0.3397280916057137,
          1.478207396742881
        ],
        [
          3.3802981561593526e-05,
          0.8134731502852719,
          0.5816024696411104,
          2.40572607727545
        ],
        [
          0.0,
          0.0,
          0.0,
          1.0
        ]
      ]
    },
    {
      "file_path": "./images/frame_0288.jpg",
      "sharpness": 71.26749239922863,
      "transform_matrix": [
        [
          -0.3866656356166291,
          0.5314942571579272,
          -0.7536600964039765,
          -2.8038482809704544
        ],
        [
          -0.9222191187376831,
          -0.2239581425817917,
          0.31520572235606614,
          1.2970177892810297
        ],
        [
          -0.0012582840730833815,
          0.8169189709182396,
          0.5767510830032315,
          2.4259245457563448
        ],
        [
          0.0,
          0.0,
          0.0,
          1.0
        ]
      ]
    },
    {
      "file_path": "./images/frame_0294.jpg",
      "sharpness": 34.53137798919679,
      "transform_matrix": [
        [
          -0.35237199875861386,
          0.5317809615382239,
          -0.7700928408358699,
          -2.808561685191817
        ],
        [
          -0.9358496790515236,
          -0.20409313505603188,
          0.28728273606703963,
          1.137330394774737
        ],
        [
          -0.004399172551336347,
          0.821921529852912,
          0.5695837481138638,
          2.428021421298713
        ],
        [
          0.0,
          0.0,
          0.0,
          1.0
        ]
      ]
    },
    {
      "file_path": "./images/frame_0300.jpg",
      "sharpness": 39.15773545568841,
      "transform_matrix": [
        [
          -0.30673125615110197,
          0.5360766823666647,
          -0.7864716950997264,
          -2.8513537757612952
        ],
        [
          -0.951781882739324,
          -0.17728294021908572,
          0.2503637489663162,
          0.9467395444561284
        ],
        [
          -0.005213846575624601,
          0.8253438978983426,
          0.5646062929831557,
          2.394237005336857
        ],
        [
          0.0,
          0.0,
          0.0,
          1.0
        ]
      ]
    },
    {
      "file_path": "./images/frame_0306.jpg",
      "sharpness": 38.352785140114065,
      "transform_matrix": [
        [
          -0.24982005817215405,
          0.5424962272570709,
          -0.8020522314768691,
          -2.9898781804641708
        ],
        [
          -0.9682228883202876,
          -0.14987072085143383,
          0.20020790584838408,
          0.6928248080151893
        ],
        [
          -0.01159211250215222,
          0.8265812788298353,
          0.5626979762591086,
          2.3115677498395604
        ],
        [
          0.0,
          0.0,
          0.0,
          1.0
        ]
      ]
    },
    {
      "file_path": "./images/frame_0312.jpg",
      "sharpness": 69.03990862414985,
      "transform_matrix": [
        [
          -0.1910208064619893,
          0.5498095960759176,
          -0.813154634514105,
          -3.1276648179602478
        ],
        [
          -0.9813514863967692,
          -0.1250765536600889,
          0.14596272082751716,
          0.42571849982038346
        ],
        [
          -0.021454874697434304,
          0.8258724258966968,
          0.5634486884939456,
          2.3633588027576065
        ],
        [
          0.0,
          0.0,
          0.0,
          1.0
        ]
      ]
    },
    {
      "file_path": "./images/frame_0318.jpg",
      "sharpness": 88.89568465861451,
      "transform_matrix": [
        [
          -0.15006269086952856,
          0.5546696451119141,
          -0.8184270118164103,
          -3.192375582249166
        ],
        [
          -0.9883337040707918,
          -0.10595566768047052,
          0.10940697365386744,
          0.28889516684529454
        ],
        [
          -0.026032253235380918,
          0.8252969049664942,
          0.5640986974940989,
          2.3600346160234538
        ],
        [
          0.0,
          0.0,
          0.0,
          1.0
        ]
      ]
    },
    {
      "file_path": "./images/frame_0324.jpg",
      "sharpness": 56.38961912338706,
      "transform_matrix": [
        [
          -0.08714413221960819,
          0.5600867787079316,
          -0.8238377877996268,
          -3.2250596355996843
        ],
        [
          -0.9957103883115713,
          -0.07478170931741222,
          0.054484112913667955,
          0.17625665355011763
        ],
        [
          -0.031092166679356166,
          0.82505181433533,
          0.5642010110798173,
          2.3462403876112585
        ],
        [
          0.0,
          0.0,
          0.0,
          1.0
        ]
      ]
    },
    {
      "file_path": "./images/frame_0330.jpg",
      "sharpness": 52.141419231833936,
      "transform_matrix": [
        [
          -0.02079178914730759,
          0.562991989652654,
          -0.8262007753332843,
          -3.196496968436232
        ],
        [
          -0.9990886158010486,
          -0.042512322094202144,
          -0.0038262575590790313,
          0.016332690160221854
        ],
        [
          -0.03727786583155753,
          0.8253682342610923,
          0.5633627948862933,
          2.348686662028899
        ],
        [
          0.0,
          0.0,
          0.0,
          1.0
        ]
      ]
    },
    {
      "file_path": "./images/frame_0336.jpg",
      "sharpness": 75.59432508492176,
      "transform_matrix": [
        [
          0.04586900854454982,
          0.5637417512704977,
          -0.8246764650454943,
          -3.2957028318104005
        ],
        [
          -0.9981263098211708,
          -0.007602040506572821,
          -0.06071308444572525,
          -0.11270724709772832
        ],
        [
          -0.040495724442559916,
          0.8259161258414336,
          0.5623367758267943,
          2.2787098815257867
        ],
        [
          0.0,
          0.0,
          0.0,
          1.0
        ]
      ]
    },
    {
      "file_path": "./images/frame_0342.jpg",
      "sharpness": 86.54366644436752,
      "transform_matrix": [
        [
          0.11652791801116884,
          0.5590465631525391,
          -0.820906928111608,
          -3.3196573126588604
        ],
        [
          -0.992191259110472,
          0.02851575498545252,
          -0.12142222639365038,
          -0.325308607861217
        ],
        [
          -0.04447189752780863,
          0.8286457578574988,
          0.5580039949546709,
          2.327520614919016
        ],
        [
          0.0,
          0.0,
          0.0,
          1.0
        ]
      ]
    },
    {
      "file_path": "./images/frame_0366.jpg",
      "sharpness": 36.48323459102372,
      "transform_matrix": [
        [
          0.36604742035162624,
          0.5113432421402851,
          -0.7775200157177314,
          -2.9544533415479193
        ],
        [
          -0.9300754980726326,
          0.1730769907986027,
          -0.3240430884019117,
          -1.0764922438887732
        ],
        [
          -0.03112641881047736,
          0.8417674524724043,
          0.5389422066237514,
          2.5015560643973
        ],
        [
          0.0,
          0.0,
          0.0,
          1.0
        ]
      ]
    },
    {
      "file_path": "./images/frame_0348.jpg",
      "sharpness": 79.53002926403916,
      "transform_matrix": [
        [
          0.1835298361105076,
          0.5508411685641318,
          -0.8141810648390637,
          -3.2407197091159836
        ],
        [
          -0.9820018471171491,
          0.0651584152697716,
          -0.17727592385330854,
          -0.5360588947127147
        ],
        [
          -0.044600129126074,
          0.8320627308109044,
          0.552885558273828,
          2.405387089606845
        ],
        [
          0.0,
          0.0,
          0.0,
          1.0
        ]
      ]
    },
    {
      "file_path": "./images/frame_0354.jpg",
      "sharpness": 68.63075950520833,
      "transform_matrix": [
        [
          0.24857277777154957,
          0.53986276703636,
          -0.8042137570255189,
          -3.153756089988052
        ],
        [
          -0.9676769942888895,
          0.101913592001573,
          -0.23068345083547223,
          -0.7234821653314648
        ],
        [
          -0.04257709336198331,
          0.8355607773243298,
          0.5477457243907358,
          2.4649523319191182
        ],
        [
          0.0,
          0.0,
          0.0,
          1.0
        ]
      ]
    },
    {
      "file_path": "./images/frame_0360.jpg",
      "sharpness": 60.83550114608576,
      "transform_matrix": [
        [
          0.30925561043561295,
          0.5257576435020305,
          -0.7924265693322048,
          -3.0318284501712776
        ],
        [
          -0.9502121874946837,
          0.13738200390214525,
          -0.27968372090703325,
          -0.9729790648007199
        ],
        [
          -0.038180703989800856,
          0.8394671437120705,
          0.5420674760037405,
          2.5728189225642812
        ],
        [
          0.0,
          0.0,
          0.0,
          1.0
        ]
      ]
    },
    {
      "file_path": "./images/frame_0378.jpg",
      "sharpness": 61.23408311546113,
      "transform_matrix": [
        [
          0.40827949499849825,
          0.48715033372510824,
          -0.7720054445310643,
          -2.942250129678045
        ],
        [
          -0.9124831631158914,
          0.1935911774851575,
          -0.36041217103468065,
          -1.3109742729489182
        ],
        [
          -0.026121466366414395,
          0.8515908691497478,
          0.523555785610254,
          2.4163242204355964
        ],
        [
          0.0,
          0.0,
          0.0,
          1.0
        ]
      ]
    },
    {
      "file_path": "./images/frame_0372.jpg",
      "sharpness": 65.22980142990744,
      "transform_matrix": [
        [
          0.38927147693929615,
          0.5001410758768972,
          -0.7735157539006675,
          -2.9925919428071293
        ],
        [
          -0.9206259297905228,
          0.1836620915961266,
          -0.3445520766268507,
          -1.1759959889158458
        ],
        [
          -0.030259125055820943,
          0.846242955893456,
          0.5319372566589856,
          2.4279796113880354
        ],
        [
          0.0,
          0.0,
          0.0,
          1.0
        ]
      ]
    },
    {
      "file_path": "./images/frame_0384.jpg",
      "sharpness": 62.24675342971896,
      "transform_matrix": [
        [
          0.4261979597997214,
          0.47536465954630086,
          -0.7696646929587612,
          -2.917256496308621
        ],
        [
          -0.9043263341910259,
          0.20184293301478365,
          -0.3761027940345762,
          -1.406127215246815
        ],
        [
          -0.02343459757593948,
          0.8563222938321696,
          0.515909826222364,
          2.3584689442495836
        ],
        [
          0.0,
          0.0,
          0.0,
          1.0
        ]
      ]
    },
    {
      "file_path": "./images/frame_0390.jpg",
      "sharpness": 58.32800454621374,
      "transform_matrix": [
        [
          0.4514119393196744,
          0.46444769173378764,
          -0.7619157451799553,
          -2.9717411715238593
        ],
        [
          -0.8919951956580382,
          0.21199167036977817,
          -0.39925443343413697,
          -1.4675526732330717
        ],
        [
          -0.023913008521233053,
          0.8598534022752163,
          0.5099806807022432,
          2.218021575904495
        ],
        [
          0.0,
          0.0,
          0.0,
          1.0
        ]
      ]
    },
    {
      "file_path": "./images/frame_0402.jpg",
      "sharpness": 59.46618489579095,
      "transform_matrix": [
        [
          0.5185692638763365,
          0.4439065729126447,
          -0.7307755285708635,
          -2.879952216501772
        ],
        [
          -0.8546474249149124,
          0.24335060206715725,
          -0.4586483005090779,
          -1.783484176871596
        ],
        [
          -0.025762330397528843,
          0.8623963352570482,
          0.5055777520204249,
          1.9674420739986336
        ],
        [
          0.0,
          0.0,
          0.0,
          1.0
        ]
      ]
    },
    {
      "file_path": "./images/frame_0396.jpg",
      "sharpness": 64.11288410913915,
      "transform_matrix": [
        [
          0.4812832139035545,
          0.45416771321392146,
          -0.7497320563768253,
          -2.9551453719924647
        ],
        [
          -0.8762121684896738,
          0.22499249779044192,
          -0.4261814305300576,
          -1.5783770596628275
        ],
        [
          -0.024873757680287614,
          0.862038319495681,
          0.5062323892939383,
          1.9846912633287979
        ],
        [
          0.0,
          0.0,
          0.0,
          1.0
        ]
      ]
    },
    {
      "file_path": "./images/frame_0408.jpg",
      "sharpness": 95.96966182250861,
      "transform_matrix": [
        [
          0.5568495651936866,
          0.43460327954578837,
          -0.7078407668550651,
          -2.7766933033426673
        ],
        [
          -0.8301873015792822,
          0.26392003150293264,
          -0.491055252764905,
          -1.9900546617814703
        ],
        [
          -0.0266008658023649,
          0.8610843201714303,
          0.507765878691937,
          2.0129261043910325
        ],
        [
          0.0,
          0.0,
          0.0,
          1.0
        ]
      ]
    },
    {
      "file_path": "./images/frame_0414.jpg",
      "sharpness": 97.9141297691769,
      "transform_matrix": [
        [
          0.5966925327282715,
          0.4246070675831299,
          -0.6809308772666257,
          -2.765263863414801
        ],
        [
          -0.801967266896104,
          0.285497354519286,
          -0.5247282757672658,
          -2.1634840945804146
        ],
        [
          -0.028399370381372312,
          0.8591857184483904,
          0.5108751090497459,
          1.9930051415626364
        ],
        [
          0.0,
          0.0,
          0.0,
          1.0
        ]
      ]
    },
    {
      "file_path": "./images/frame_0420.jpg",
      "sharpness": 101.13020290746685,
      "transform_matrix": [
        [
          0.6251041935680942,
          0.41540226345030146,
          -0.6608219932585997,
          -2.719648019643188
        ],
        [
          -0.7800347811638867,
          0.30196728693267794,
          -0.548052458982833,
          -2.2729348982334683
        ],
        [
          -0.02811560750122846,
          0.8580540293052299,
          0.5127892310474363,
          2.0811946423115195
        ],
        [
          0.0,
          0.0,
          0.0,
          1.0
        ]
      ]
    },
    {
      "file_path": "./images/frame_0426.jpg",
      "sharpness": 102.61522786441382,
      "transform_matrix": [
        [
          0.6674782587141941,
          0.3989643574851068,
          -0.6287290478979659,
          -2.542726019275823
        ],
        [
          -0.7441766115323004,
          0.32797312357050823,
          -0.5819233635657808,
          -2.4182292480032386
        ],
        [
          -0.02596045113198636,
          0.8563066458546325,
          0.5158148731013266,
          2.1107327008366097
        ],
        [
          0.0,
          0.0,
          0.0,
          1.0
        ]
      ]
    },
    {
      "file_path": "./images/frame_0432.jpg",
      "sharpness": 74.21427082722984,
      "transform_matrix": [
        [
          0.7135822595909119,
          0.3780579803394414,
          -0.5898071908421515,
          -2.336066681409198
        ],
        [
          -0.7001738770778124,
          0.3565014237696865,
          -0.6185978311536623,
          -2.6113632967717537
        ],
        [
          -0.023598743403486118,
          0.854388025672991,
          0.5190994133754245,
          2.110082307636561
        ],
        [
          0.0,
          0.0,
          0.0,
          1.0
        ]
      ]
    },
    {
      "file_path": "./images/frame_0438.jpg",
      "sharpness": 86.18220485861981,
      "transform_matrix": [
        [
          0.7562450053020815,
          0.3582808528640988,
          -0.5474744948369269,
          -2.1316397718203177
        ],
        [
          -0.6537870318883253,
          0.38103843305890894,
          -0.6537371256603604,
          -2.8250718214824597
        ],
        [
          -0.02561267127813827,
          0.8523171610751816,
          0.5223977872053686,
          2.0697098301377723
        ],
        [
          0.0,
          0.0,
