{
  "camera_angle_x": 0.6289801116238322,
  "camera_angle_y": 1.0499907419798105,
  "fl_x": 1106.7202719141972,
  "fl_y": 1104.9458579783618,
  "k1": 0.004404641688044736,
  "k2": -0.026072522067076914,
  "k3": 0,
  "k4": 0,
  "p1": -0.0017354293134497502,
  "p2": -0.001058047769457228,
  "is_fisheye": false,
  "cx": 348.5274151730345,
  "cy": 645.6871009628586,
  "w": 720.0,
  "h": 1280.0,
  "aabb_scale": 32,
  "frames": [
    {
      "file_path": "./images/frame_0120.jpg",
      "sharpness": 85.22823782212522,
      "transform_matrix": [
        [
          -0.800819172384719,
          -0.3149152652653913,
          0.5094281391071263,
          1.600114779601675
        ],
        [
          0.59833031663505,
          -0.4579727332914171,
          0.6574662027488517,
          2.5849022245132582
        ],
        [
          0.026258053640766894,
          0.8313178401310305,
          0.5551766956286527,
          2.1926132535474965
        ],
        [
          0.0,
          0.0,
          0.0,
          1.0
        ]
      ]
    },
    {
      "file_path": "./images/frame_0114.jpg",
      "sharpness": 81.65227213449359,
      "transform_matrix": [
        [
          -0.7478907725082337,
          -0.35234371189393043,
          0.5625951485358825,
          1.8192641257333866
        ],
        [
          0.6634436827848588,
          -0.42534131228894934,
          0.6155706684314832,
          2.416965799283843
        ],
        [
          0.02240250451747203,
          0.8336298200081723,
          0.5518690524524446,
          2.0812278294146362
        ],
        [
          0.0,
          0.0,
          0.0,
          1.0
        ]
      ]
    },
    {
      "file_path": "./images/frame_0132.jpg",
      "sharpness": 102.25842088190598,
      "transform_matrix": [
        [
          -0.8936230918723125,
          -0.2378255819859651,
          0.38062680186223524,
          1.0803857569566098
        ],
        [
          0.448100935878568,
          -0.5206939347045942,
          0.7266934550597002,
          2.935831945385074
        ],
        [
          0.025363773240708282,
          0.8199492782887562,
          0.5718739897136556,
          2.0943985032406776
        ],
        [
          0.0,
          0.0,
          0.0,
          1.0
        ]
      ]
    },
    {
      "file_path": "./images/frame_0150.jpg",
      "sharpness": 50.48835330763453,
      "transform_matrix": [
        [
          -0.977972278432048,
          -0.10794464596176692,
          0.178656587051484,
          0.612191743328188
        ],
        [
          0.20777174390125133,
          -0.5855367463744015,
          0.7835672409445902,
          3.223461608925633
        ],
        [
          0.020028108289478663,
          0.8034268305824274,
          0.5950665532937413,
          2.068885603000184
        ],
        [
          0.0,
          0.0,
          0.0,
          1.0
        ]
      ]
    },
    {
      "file_path": "./images/frame_0156.jpg",
      "sharpness": 81.13047416974176,
      "transform_matrix": [
        [
          -0.990643821822056,
          -0.06913437278938495,
          0.11766586954200607,
          0.4169978590409944
        ],
        [
          0.13571432590192,
          -0.5898240721571609,
          0.7960459695576232,
          3.3504437548445565
        ],
        [
          0.014368023510295114,
          0.8045669657951646,
          0.5936880978441814,
          2.07435901551349
        ],
        [
          0.0,
          0.0,
          0.0,
          1.0
        ]
      ]
    },
    {
      "file_path": "./images/frame_0162.jpg",
      "sharpness": 69.47561522363615,
      "transform_matrix": [
        [
          -0.9972919413450033,
          -0.03236420949341368,
          0.06604045534706753,
          0.20548597519788783
        ],
        [
          0.07245126261760457,
          -0.5865980005167647,
          0.8066310187036284,
          3.409112510894263
        ],
        [
          0.012633223786596691,
          0.8092313289657759,
          0.5873542865658803,
          2.1477941549450077
        ],
        [
          0.0,
          0.0,
          0.0,
          1.0
        ]
      ]
    },
    {
      "file_path": "./images/frame_0168.jpg",
      "sharpness": 69.86312499208333,
      "transform_matrix": [
        [
          -0.9998188945883829,
          0.004323703315995545,
          0.018533312816831043,
          0.08280392413436637
        ],
        [
          0.012544276206839644,
          -0.5826186923685424,
          0.8126488174095996,
          3.4722006998550063
        ],
        [
          0.014311506865173015,
          0.812734129306025,
          0.5824589392418131,
          2.1470276497796217
        ],
        [
          0.0,
          0.0,
          0.0,
          1.0
        ]
      ]
    },
    {
      "file_path": "./images/frame_0174.jpg",
      "sharpness": 69.96003355560305,
      "transform_matrix": [
        [
          -0.9987672789933544,
          0.042250201235505117,
          -0.026054615292448575,
          -0.11319623516569186
        ],
        [
          -0.04567578643985041,
          -0.5767675553769648,
          0.8156303755976636,
          3.467873140820156
        ],
        [
          0.01943309073427921,
          0.8158149959438766,
          0.5779863730641739,
          2.067538266101772
        ],
        [
          0.0,
          0.0,
          0.0,
          1.0
        ]
      ]
    },
    {
      "file_path": "./images/frame_0180.jpg",
      "sharpness": 80.61403206107059,
      "transform_matrix": [
        [
          -0.9943893208688447,
          0.08029234572625604,
          -0.06886957114750149,
          -0.32997263064061816
        ],
        [
          -0.10246567317026031,
          -0.5693647628881046,
          0.8156742932096995,
          3.4314138962371272
        ],
        [
          0.02628049530381008,
          0.8181545734435439,
          0.5743974491502132,
          2.005895261122028
        ],
        [
          0.0,
          0.0,
          0.0,
          1.0
        ]
      ]
    },
    {
      "file_path": "./images/frame_0186.jpg",
      "sharpness": 77.77082521404573,
      "transform_matrix": [
        [
          -0.9865303877206286,
          0.11806406907821207,
          -0.11321956441688397,
          -0.5133980948389824
        ],
        [
          -0.16035138489844353,
          -0.5611952765515617,
          0.8120020288997882,
          3.391112026835889
        ],
        [
          0.03232997886769249,
          0.8192195903522911,
          0.5725679307468342,
          2.0624838010056274
        ],
        [
          0.0,
          0.0,
          0.0,
          1.0
        ]
      ]
    },
    {
      "file_path": "./images/frame_0192.jpg",
      "sharpness": 82.66453339836215,
      "transform_matrix": [
        [
          -0.9741082766966486,
          0.15536377766751727,
          -0.16424117002210673,
          -0.7447836659366188
        ],
        [
          -0.22353930236196157,
          -0.5532320253034209,
          0.8024739911537362,
          3.312237503865308
        ],
        [
          0.03381191561604063,
          0.8184109131825023,
          0.5736378052538283,
          2.006215375761466
        ],
        [
          0.0,
          0.0,
          0.0,
          1.0
        ]
      ]
    },
    {
      "file_path": "./images/frame_0198.jpg",
      "sharpness": 68.79696514930257,
      "transform_matrix": [
        [
          -0.9565904065596872,
          0.19126355633819395,
          -0.21989326084513508,
          -1.00271090551422
        ],
        [
          -0.2897462375888279,
          -0.5430256040661724,
          0.7881435853521183,
          3.2177969272462574
        ],
        [
          0.0313354742390709,
          0.8176438377404088,
          0.5748709792028303,
          2.0064314517155237
        ],
        [
          0.0,
          0.0,
          0.0,
          1.0
        ]
      ]
    },
    {
      "file_path": "./images/frame_0204.jpg",
      "sharpness": 68.4101539516449,
      "transform_matrix": [
        [
          -0.9286441976899108,
          0.23536140270012884,
          -0.2867489569050893,
          -1.307053103285175
        ],
        [
          -0.3698679203218046,
          -0.5278400784797407,
          0.7645799978205868,
          3.058801371154935
        ],
        [
          0.02859502884674887,
          0.8160820189907853,
          0.5772282587291183,
          2.1395186652050624
        ],
        [
          0.0,
          0.0,
          0.0,
          1.0
        ]
      ]
    },
    {
      "file_path": "./images/frame_0210.jpg",
      "sharpness": 84.66697698522024,
      "transform_matrix": [
        [
          -0.9097695400708452,
          0.25891568211538624,
          -0.32447196116810273,
          -1.4789090928137965
        ],
        [
          -0.41431046163637564,
          -0.5177436351562202,
          0.7485241276230723,
          2.950523814462735
        ],
        [
          0.02581134240191083,
          0.8154165793391899,
          0.5782988646128044,
          2.1391360646172077
        ],
        [
          0.0,
          0.0,
          0.0,
          1.0
        ]
      ]
    },
    {
      "file_path": "./images/frame_0216.jpg",
      "sharpness": 65.31292317255746,
      "transform_matrix": [
        [
          -0.8782252285608543,
          0.2922867024634179,
          -0.37853524479573136,
          -1.6357514693327118
        ],
        [
          -0.4777098286029986,
          -0.4986217375748861,
          0.7233046954595965,
          2.772964550895553
        ],
        [
          0.02266644281880976,
          0.8160544384007064,
          0.5775304199838498,
          2.074157644769822
        ],
        [
          0.0,
          0.0,
          0.0,
          1.0
        ]
      ]
    },
    {
      "file_path": "./images/frame_0234.jpg",
      "sharpness": 71.0647395793726,
      "transform_matrix": [
        [
          -0.750750552296357,
          0.38667513989121405,
          -0.535589343141826,
          -2.160654526644569
        ],
        [
          -0.6605431252954789,
          -0.4302083412348089,
          0.6153076976252452,
          2.3453649951817437
        ],
        [
          0.007509187159296596,
          0.8157224524182072,
          0.5783947551623415,
          2.1783418168460313
        ],
        [
          0.0,
          0.0,
          0.0,
          1.0
        ]
      ]
    },
    {
      "file_path": "./images/frame_0222.jpg",
      "sharpness": 83.08113280419244,
      "transform_matrix": [
        [
          -0.8412606662363202,
          0.324157177582774,
          -0.43266917585547954,
          -1.7900170576328942
        ],
        [
          -0.5403103045793569,
          -0.47660866678770186,
          0.6934759934620783,
          2.6955710036348353
        ],
        [
          0.018581341697463807,
          0.8171696904673755,
          0.5760975879071599,
          2.0611716395393627
        ],
        [
          0.0,
          0.0,
          0.0,
          1.0
        ]
      ]
    },
    {
      "file_path": "./images/frame_0240.jpg",
      "sharpness": 68.17194875533022,
      "transform_matrix": [
        [
          -0.7013225714527818,
          0.41684298370424366,
          -0.578263415562206,
          -2.381031943415296
        ],
        [
          -0.7128349053641351,
          -0.4059896979843189,
          0.5718730303355022,
          2.115225019212367
        ],
        [
          0.003612270825557571,
          0.8132738112872161,
          0.5818699678142196,
          2.160367388265136
        ],
        [
          0.0,
          0.0,
          0.0,
          1.0
        ]
      ]
    },
    {
      "file_path": "./images/frame_0228.jpg",
      "sharpness": 68.9972786315871,
      "transform_matrix": [
        [
          -0.7982460967994487,
          0.3555721917085198,
          -0.48618060995715584,
          -1.9317036630543507
        ],
        [
          -0.6021794503334609,
          -0.4529749006730354,
          0.6574143662533922,
          2.524634534727084
        ],
        [
          0.013530653564887803,
          0.8175464243084406,
          0.5757037133672691,
          2.1476800597593404
        ],
        [
          0.0,
          0.0,
          0.0,
          1.0
        ]
      ]
    },
    {
      "file_path": "./images/frame_0246.jpg",
      "sharpness": 44.244473713758246,
      "transform_matrix": [
        [
          -0.6517367579432336,
          0.4438119007858758,
          -0.6150367429160134,
          -2.5005230122955258
        ],
        [
          -0.7584452505679362,
          -0.38138781925420323,
          0.5284923208670759,
          1.9162000669405816
        ],
        [
          -1.6340667190314487e-05,
          0.8109095683892265,
          0.5851714891363503,
          2.1036444228720117
        ],
        [
          0.0,
          0.0,
          0.0,
          1.0
        ]
      ]
    },
    {
      "file_path": "./images/frame_0252.jpg",
      "sharpness": 50.0398882157491,
      "transform_matrix": [
        [
          -0.6003751980843679,
          0.4668151901570299,
          -0.6493328883046652,
          -2.533433628949439
        ],
        [
          -0.7997061894147086,
          -0.3549468789638127,
          0.48423416208034986,
          1.8002757697708227
        ],
        [
          -0.004430819660230245,
          0.8099977107459789,
          0.5864162996487088,
          2.0985906719719605
        ],
        [
          0.0,
          0.0,
          0.0,
          1.0
        ]
      ]
    },
    {
      "file_path": "./images/frame_0258.jpg",
      "sharpness": 79.21712948794887,
      "transform_matrix": [
        [
          -0.5497401359863395,
          0.4883524197595934,
          -0.6777150559571017,
          -2.6282716035830815
        ],
        [
          -0.8353180420266051,
          -0.32666102308263595,
          0.44219491704840785,
          1.7694636207613823
        ],
        [
          -0.005436135791470091,
          0.809199907424698,
          0.587508262343424,
          2.1370015867537444
        ],
        [
          0.0,
          0.0,
          0.0,
          1.0
        ]
      ]
    },
    {
      "file_path": "./images/frame_0276.jpg",
      "sharpness": 49.34532765078957,
      "transform_matrix": [
        [
          -0.4514294796591628,
          0.5212961861755897,
          -0.7241972875147419,
          -2.7330679913962372
        ],
        [
          -0.8923066179839378,
          -0.26424844345034304,
          0.3660077316616983,
          1.5967918382555466
        ],
        [
          -0.0005695713507090535,
          0.8114327122306921,
          0.584445574181798,
          2.317636821246936
        ],
        [
          0.0,
          0.0,
          0.0,
          1.0
        ]
      ]
    },
    {
      "file_path": "./images/frame_0270.jpg",
      "sharpness": 61.15528617349791,
      "transform_matrix": [
        [
          -0.48408445300594266,
          0.5122742541693183,
          -0.7093922264470288,
          -2.7384661563822394
        ],
        [
          -0.8750169302284979,
          -0.2859585757371202,
          0.39060602245216064,
          1.7273957912287798
        ],
        [
          -0.002759381888052278,
          0.8098165110332204,
          0.5866767460363932,
          2.2827526212167153
        ],
        [
          0.0,
          0.0,
          0.0,
          1.0
        ]
      ]
    },
    {
      "file_path": "./images/frame_0264.jpg",
      "sharpness": 56.711409230548924,
      "transform_matrix": [
        [
          -0.5163430282444337,
          0.4996068721562663,
          -0.6955450025324514,
          -2.680302458694444
        ],
        [
          -0.8563617473776484,
          -0.3067889611382676,
          0.4153613980042062,
          1.7487249373717244
        ],
        [
          -0.005868119880508913,
          0.8101070958098139,
          0.5862525552677187,
          2.2560321531483996
        ],
        [
          0.0,
          0.0,
          0.0,
          1.0
        ]
      ]
    },
    {
      "file_path": "./images/frame_0282.jpg",
      "sharpness": 60.89483722428215,
      "transform_matrix": [
        [
          -0.4181595929954363,
          0.5274142947459268,
          -0.739578742632463,
          -2.789480852927683
        ],
        [
          -0.9083735761693783,
          -0.24276213263675694,
          0.3404761270264228,
          1.4822005260431104
        ],
        [
          3.0263599197523973e-05,
          0.8141871460059343,
          0.5806025236192989,
          2.4017446055642853
        ],
        [
          0.0,
          0.0,
          0.0,
          1.0
        ]
      ]
    },
    {
      "file_path": "./images/frame_0288.jpg",
      "sharpness": 71.26749239922863,
      "transform_matrix": [
        [
          -0.38722620897013454,
          0.5305271464572109,
          -0.7540535856481648,
          -2.804247332838674
        ],
        [
          -0.9219840123473659,
          -0.22384538727803482,
          0.31597266269442303,
          1.300869231635933
        ],
        [
          -0.0011593418100452155,
          0.8175782467341737,
          0.575816347860943,
          2.4217143739149956
        ],
        [
          0.0,
          0.0,
          0.0,
          1.0
        ]
      ]
    },
    {
      "file_path": "./images/frame_0294.jpg",
      "sharpness": 34.53137798919679,
      "transform_matrix": [
        [
          -0.35299742568756765,
          0.5308390218922248,
          -0.7704561962660328,
          -2.8091667234232025
        ],
        [
          -0.9356140110594012,
          -0.20413614721812015,
          0.2880188460991496,
          1.141123915985757
        ],
        [
          -0.0043863169562760205,
          0.8225195233565359,
          0.5687199609572084,
          2.424471485419663
        ],
        [
          0.0,
          0.0,
          0.0,
          1.0
        ]
      ]
    },
    {
      "file_path": "./images/frame_0300.jpg",
      "sharpness": 39.15773545568841,
      "transform_matrix": [
        [
          -0.3073528099417234,
          0.5351372678525126,
          -0.7868687024189881,
          -2.8521008846609157
        ],
        [
          -0.951580430509005,
          -0.17751368120124617,
          0.250965290944153,
          0.950022829866821
        ],
        [
          -0.0053790798667775605,
          0.8259037459714507,
          0.5637854804448095,
          2.3905463215174505
        ],
        [
          0.0,
          0.0,
          0.0,
          1.0
        ]
      ]
    },
    {
      "file_path": "./images/frame_0306.jpg",
      "sharpness": 38.352785140114065,
      "transform_matrix": [
        [
          -0.2503202919055538,
          0.541505617496287,
          -0.8025655224033432,
          -2.990805726001399
        ],
        [
          -0.9680928038342188,
          -0.1499849313676118,
          0.20075069994164055,
          0.6958090449895062
        ],
        [
          -0.011665103060967028,
          0.8272098806537626,
          0.5617719633353355,
          2.3073810037451787
        ],
        [
          0.0,
          0.0,
          0.0,
          1.0
        ]
      ]
    },
    {
      "file_path": "./images/frame_0318.jpg",
      "sharpness": 88.89568465861451,
      "transform_matrix": [
        [
          -0.15091729423420022,
          0.5537150628023819,
          -0.8189161126739719,
          -3.1934877118262572
        ],
        [
          -0.988196028878745,
          -0.10655705165684534,
          0.11006454129502259,
          0.2924104437740749
        ],
        [
          -0.02631689212533461,
          0.8258602932926113,
          0.5632603281092838,
          2.3560788573603637
        ],
        [
          0.0,
          0.0,
          0.0,
          1.0
        ]
      ]
    },
    {
      "file_path": "./images/frame_0312.jpg",
      "sharpness": 69.03990862414985,
      "transform_matrix": [
        [
          -0.19192292961026214,
          0.5488096361659554,
          -0.8136175836420162,
          -3.1285526063067524
        ],
        [
          -0.9811750018363237,
          -0.12543982561629874,
          0.14683482529988318,
          0.4300089463331056
        ],
        [
          -0.02147568076108838,
          0.8264822039643854,
          0.562553074595004,
          2.3593877854865424
        ],
        [
          0.0,
          0.0,
          0.0,
          1.0
        ]
      ]
    },
    {
      "file_path": "./images/frame_0330.jpg",
      "sharpness": 52.141419231833936,
      "transform_matrix": [
        [
          -0.021703907691154326,
          0.562157634105988,
          -0.8267452660146044,
          -3.1980356233698446
        ],
        [
          -0.9990697325439934,
          -0.0430178134299353,
          -0.003022787155059758,
          0.020446492939725384
        ],
        [
          -0.03726405648299286,
          0.8259105655058406,
          0.5625683318055927,
          2.3451936230038593
        ],
        [
          0.0,
          0.0,
          0.0,
          1.0
        ]
      ]
    },
    {
      "file_path": "./images/frame_0324.jpg",
      "sharpness": 56.38961912338706,
      "transform_matrix": [
        [
          -0.08780888368834022,
          0.5591144975568896,
          -0.824427424724203,
          -3.22626897334441
        ],
        [
          -0.9956473697108781,
          -0.07521629053392209,
          0.05503476016238138,
          0.17948294304364784
        ],
        [
          -0.03123964042583507,
          0.8256715377980804,
          0.5632855373666981,
          2.3421003786229004
        ],
        [
          0.0,
          0.0,
          0.0,
          1.0
        ]
      ]
    },
    {
      "file_path": "./images/frame_0336.jpg",
      "sharpness": 75.59432508492176,
      "transform_matrix": [
        [
          0.045228340014446804,
          0.5628643427687278,
          -0.8253109286622428,
          -3.2976569727343548
        ],
        [
          -0.9981497390651162,
          -0.00814582533778773,
          -0.06025565478701449,
          -0.1096163518608531
        ],
        [
          -0.040638598204042274,
          0.8265091513343062,
          0.5614544747055881,
          2.2750672551980444
        ],
        [
          0.0,
          0.0,
          0.0,
          1.0
        ]
      ]
    },
    {
      "file_path": "./images/frame_0348.jpg",
      "sharpness": 79.53002926403916,
      "transform_matrix": [
        [
          0.18295571414735934,
          0.5501588332778963,
          -0.8147714188024768,
          -3.2419982204343643
        ],
        [
          -0.982106173573336,
          0.06462777206643174,
          -0.17689181695848574,
          -0.5330649980926919
        ],
        [
          -0.04466173409367807,
          0.8325554091554825,
          0.5521384068002926,
          2.4014463943292186
        ],
        [
          0.0,
          0.0,
          0.0,
          1.0
        ]
      ]
    },
    {
      "file_path": "./images/frame_0342.jpg",
      "sharpness": 86.54366644436752,
      "transform_matrix": [
        [
          0.11579593189703846,
          0.5582556489668816,
          -0.8215484968174003,
          -3.3211988767433387
        ],
        [
          -0.992279683729565,
          0.028034834303710635,
          -0.12081008783674736,
          -0.32155879738573534
        ],
        [
          -0.04441093800631101,
          0.8291951992940888,
          0.5571920585608777,
          2.3236670589876987
        ],
        [
          0.0,
          0.0,
          0.0,
          1.0
        ]
      ]
    },
    {
      "file_path": "./images/frame_0366.jpg",
      "sharpness": 36.48323459102372,
      "transform_matrix": [
        [
          0.36549665289256095,
          0.510992119893028,
          -0.7780098008391869,
          -2.9560153390667727
        ],
        [
          -0.9302953335662524,
          0.17267382764453118,
          -0.32362685548552117,
          -1.0731838033942493
        ],
        [
          -0.031028842682999297,
          0.8420634196556078,
          0.5384852906718343,
          2.499198362802373
        ],
        [
          0.0,
          0.0,
          0.0,
          1.0
        ]
      ]
    },
    {
      "file_path": "./images/frame_0354.jpg",
      "sharpness": 68.63075950520833,
      "transform_matrix": [
        [
          0.24799598438015494,
          0.5391955384746998,
          -0.8048392156763758,
          -3.155765582715815
        ],
        [
          -0.9678300869404559,
          0.10148402285379078,
          -0.23023013685928562,
          -0.7202546345519817
        ],
        [
          -0.042460741259618025,
          0.8360437575055516,
          0.5470172950263591,
          2.4617924060563725
        ],
        [
          0.0,
          0.0,
          0.0,
          1.0
        ]
      ]
    },
    {
      "file_path": "./images/frame_0360.jpg",
      "sharpness": 60.83550114608576,
      "transform_matrix": [
        [
          0.30906603282682393,
          0.5252541808865354,
          -0.79283430354909,
          -3.033577178990682
        ],
        [
          -0.9502803755054282,
          0.13723335321252597,
          -0.27952498044953566,
          -0.9708639858530195
        ],
        [
          -0.03801835462538638,
          0.8398065564737475,
          0.5415529082975709,
          2.570500459813887
        ],
        [
          0.0,
          0.0,
          0.0,
          1.0
        ]
      ]
    },
    {
      "file_path": "./images/frame_0378.jpg",
      "sharpness": 61.23408311546113,
      "transform_matrix": [
        [
          0.40785826449830453,
          0.4866030980229011,
          -0.7725730134720039,
          -2.944957654875746
        ],
        [
          -0.9126810230576983,
          0.19338141491653,
          -0.36002358049888683,
          -1.3079654829634393
        ],
        [
          -0.025787327160512217,
          0.8519513210431395,
          0.5229856216006696,
          2.414038295412648
        ],
        [
          0.0,
          0.0,
          0.0,
          1.0
        ]
      ]
    },
    {
      "file_path": "./images/frame_0372.jpg",
      "sharpness": 65.22980142990744,
      "transform_matrix": [
        [
          0.38893949502255326,
          0.499673725021512,
          -0.7739846495926095,
          -2.9944164113654876
        ],
        [
          -0.9207694437739611,
          0.18333431752701235,
          -0.3443430838990363,
          -1.1734082232973455
        ],
        [
          -0.030161243907781722,
          0.8465900404611719,
          0.531390254735782,
          2.425335751184934
        ],
        [
          0.0,
          0.0,
          0.0,
          1.0
        ]
      ]
    },
    {
      "file_path": "./images/frame_0384.jpg",
      "sharpness": 62.24675342971896,
      "transform_matrix": [
        [
          0.4258802745086367,
          0.47475879177048513,
          -0.7702143088071944,
          -2.9198039469802675
        ],
        [
          -0.9044784120657252,
          0.20143438362738464,
          -0.375956102756324,
          -1.404057501664474
        ],
        [
          -0.02334082054776361,
          0.8567545032252926,
          0.51519600868952,
          2.355564497971049
        ],
        [
          0.0,
          0.0,
          0.0,
          1.0
        ]
      ]
    },
    {
      "file_path": "./images/frame_0390.jpg",
      "sharpness": 58.32800454621374,
      "transform_matrix": [
        [
          0.45107323573724467,
          0.463936298822103,
          -0.7624277321209187,
          -2.9735649946801055
        ],
        [
          -0.8921729313073005,
          0.21173717800575506,
          -0.39899226570536817,
          -1.4647342757676014
        ],
        [
          -0.023672698577382557,
          0.8601921170021525,
          0.5094203816689047,
          2.2151819372756933
        ],
        [
          0.0,
          0.0,
          0.0,
          1.0
        ]
      ]
    },
    {
      "file_path": "./images/frame_0396.jpg",
      "sharpness": 64.11288410913915,
      "transform_matrix": [
        [
          0.48117969866531424,
          0.45333827097216556,
          -0.7503002797111247,
          -2.9577734677866143
        ],
        [
          -0.876268543820939,
          0.22443592257261033,
          -0.42635895178700844,
          -1.5774170162633514
        ],
        [
          -0.024890494533173567,
          0.8626198054750429,
          0.5052400761562426,
          1.9806356105939686
        ],
        [
          0.0,
          0.0,
          0.0,
          1.0
        ]
      ]
    },
    {
      "file_path": "./images/frame_0414.jpg",
      "sharpness": 97.9141297691769,
      "transform_matrix": [
        [
          0.5966298108662228,
          0.42390327042483783,
          -0.6814241602549244,
          -2.768427373002311
        ],
        [
          -0.8020241230735321,
          0.28521482821761446,
          -0.5247950150038894,
          -2.162634146847325
        ],
        [
          -0.028110048352360015,
          0.8596269651148815,
          0.5101483177462011,
          1.9906608338318466
        ],
        [
          0.0,
          0.0,
          0.0,
          1.0
        ]
      ]
    },
    {
      "file_path": "./images/frame_0402.jpg",
      "sharpness": 59.46618489579095,
      "transform_matrix": [
        [
          0.5184645183732439,
          0.44318481970016377,
          -0.7312877401171176,
          -2.8826405265047987
        ],
        [
          -0.8547161928115068,
          0.2430001039890829,
          -0.4587059834001545,
          -1.7823085407010109
        ],
        [
          -0.025588531654182928,
          0.8628662498411196,
          0.5047841736853262,
          1.9642925273751828
        ],
        [
          0.0,
          0.0,
          0.0,
          1.0
        ]
      ]
    },
    {
      "file_path": "./images/frame_0408.jpg",
      "sharpness": 95.96966182250861,
      "transform_matrix": [
        [
          0.5567720583611915,
          0.43399154405653306,
          -0.7082769336819715,
          -2.779657835535575
        ],
        [
          -0.8302452948465072,
          0.26363344106698944,
          -0.4911111474365238,
          -1.9891995059180232
        ],
        [
          -0.02641259992439864,
          0.8614805560801285,
          0.5071031710918189,
          2.010694987567084
        ],
        [
          0.0,
          0.0,
          0.0,
          1.0
        ]
      ]
    },
    {
      "file_path": "./images/frame_0420.jpg",
      "sharpness": 101.13020290746685,
      "transform_matrix": [
        [
          0.6249952532459307,
          0.41477138142075437,
          -0.6613211282309386,
          -2.7229433004621737
        ],
        [
          -0.7801252646674789,
          0.30144893030554354,
          -0.5482090056220753,
          -2.272606025642957
        ],
        [
          -0.028026859875494848,
          0.8585413464918255,
          0.5119777842443899,
          2.078518094749772
        ],
        [
          0.0,
          0.0,
          0.0,
          1.0
        ]
      ]
    },
    {
      "file_path": "./images/frame_0426.jpg",
      "sharpness": 102.61522786441382,
      "transform_matrix": [
        [
          0.6675176530139916,
          0.3985249771922343,
          -0.628965838133431,
          -2.545144269569869
        ],
        [
          -0.7441416649864341,
          0.3276164655918051,
          -0.5821689049617442,
          -2.4184801453530707
        ],
        [
          -0.02594928470464523,
          0.8566477071059881,
          0.5152488142670906,
          2.1091930552012155
        ],
        [
          0.0,
          0.0,
          0.0,
          1.0
        ]
      ]
    },
    {
      "file_path": "./images/frame_0432.jpg",
      "sharpness": 74.21427082722984,
      "transform_matrix": [
        [
          0.7136836027702534,
          0.37751601353606234,
          -0.5900316726506964,
          -2.3381340719869868
        ],
        [
          -0.7000701922210263,
          0.35602773517126524,
          -0.6189878655938578,
          -2.6118533278230305
        ],
        [
          -0.023610191353048343,
          0.8548250764771606,
          0.518378864885869,
          2.1074696086526767
        ],
        [
          0.0,
          0.0,
          0.0,
          1.0
        ]
      ]
    },
    {
      "file_path": "./images/frame_0438.jpg",
      "sharpness": 86.18220485861981,
      "transform_matrix": [
        [
          0.7563145112235811,
          0.35801492237350196,
          -0.5475524409047943,
          -2.133233620093797
        ],
        [
          -0.6536915605284541,
          0.38030952225063397,
          -0.6542568386951516,
          -2.825998169269161
        ],
        [
          -0.02599430411010691,
          0.8527543507386283,
          0.5216649437334702,
          2.0667449403055613
        ],
        [
          0.0,
          0.0,
          0.0,
          1.0
        ]
      ]
    },
    {
      "file_path": "./images/frame_0456.jpg",
      "sharpness": 39.034893656747144,
      "transform_matrix": [
        [
          0.860376075653288,
          0.28605546967531853,
          -0.42181189739331487,
          -1.577403772355972
        ],
        [
          -0.5092895949799217,
          0.45101528357924553,
          -0.7329456476595829,
          -3.0102749587883872
        ],
        [
          -0.019419498967797256,
          0.8454333103816629,
          0.5337278340383003,
          2.2561527876403518
        ],
        [
          0.0,
          0.0,
          0.0,
          1.0
        ]
      ]
    },
    {
      "file_path": "./images/frame_0444.jpg",
      "sharpness": 94.96493594727576,
      "transform_matrix": [
        [
          0.7948502530831565,
          0.3369443331100284,
          -0.5046598771736742,
          -1.916157058557092
        ],
        [
          -0.6062208246205114,
          0.40443149184745486,
          -0.6847857184539369,
          -2.9251884874730374
        ],
        [
          -0.026634320226831244,
          0.8502374285139535,
          0.5257251451189175,
          2.0671683214134777
        ],
        [
          0.0,
          0.0,
          0.0,
          1.0
        ]
      ]
    },
    {
      "file_path": "./images/frame_0450.jpg",
      "sharpness": 67.25027214965702,
      "transform_matrix": [
        [
          0.8297836619735951,
          0.3132786585335606,
          -0.46186097096352524,
          -1.7182571666051816
        ],
        [
          -0.5575085380690677,
          0.4277027971520518,
          -0.7115156690392742,
          -2.999353575049584
        ],
        [
          -0.02536344514577041,
          0.8478955121200369,
          0.5295563201844636,
          2.1930190545828556
        ],
        [
          0.0,
          0.0,
          0.0,
          1.0
        ]
      ]
    },
    {
      "file_path": "./images/frame_0480.jpg",
      "sharpness": 36.61454535527995,
      "transform_matrix": [
        [
          0.911014339085968,
          0.2216762682313867,
          -0.347724756313137,
          -1.4094215083271822
        ],
        [
          -0.4122587792535233,
          0.4695972405756903,
          -0.7807183426640473,
          -3.2522288797724395
        ],
        [
          -0.00977614269705564,
          0.8545981885082623,
          0.519197807490205,
          2.054103564545634
        ],
        [
          0.0,
          0.0,
          0.0,
          1.0
        ]
      ]
    },
    {
      "file_path": "./images/frame_0462.jpg",
      "sharpness": 77.8463908836035,
      "transform_matrix": [
        [
          0.8805579165156953,
          0.26623091456187803,
          -0.39209546779241294,
          -1.5974169459588083
        ],
        [
          -0.47369203154465833,
          0.46770779933114864,
          -0.7462340609325689,
          -3.1166046713784437
        ],
        [
          -0.01528446815039526,
          0.8428348086258707,
          0.5379552680959857,
          2.178073858556826
        ],
        [
          0.0,
          0.0,
          0.0,
          1.0
        ]
      ]
    },
    {
      "file_path": "./images/frame_0468.jpg",
      "sharpness": 68.23947157075553,
      "transform_matrix": [
        [
          0.8922384189387401,
          0.2512074122107808,
          -0.37524050939407866,
          -1.5753264325622094
        ],
        [
          -0.45136049955047575,
          0.47114931930849113,
          -0.7578205713496405,
          -3.1267340239635018
        ],
        [
          -0.01357583407084697,
          0.8455253721919421,
          0.533762626810112,
          2.15920553684468
        ],
        [
          0.0,
          0.0,
          0.0,
          1.0
        ]
      ]
    },
    {
      "file_path": "./images/frame_0474.jpg",
      "sharpness": 71.76081700586272,
      "transform_matrix": [
        [
          0.90220645462194,
          0.2376920502364085,
          -0.35989721110782436,
          -1.5052428542122567
        ],
        [
          -0.4311073748894037,
          0.47175806330432235,
          -0.7691493749742809,
          -3.139796532646294
        ],
        [
          -0.013036280574835142,
          0.8490858725809388,
          0.5280939655426037,
          2.130144918701006
        ],
        [
          0.0,
          0.0,
          0.0,
          1.0
        ]
      ]
    },
    {
      "file_path": "./images/frame_0486.jpg",
      "sharpness": 91.91586587501334,
      "transform_matrix": [
        [
          0.9229227060783018,
          0.20463390897006492,
          -0.32609606249539863,
          -1.249484812372591
        ],
        [
          -0.38484216716153696,
          0.4672901012442257,
          -0.7959500409281836,
          -3.254110911737568
        ],
        [
          -0.010496906161198884,
          0.8600958810701477,
          0.5100244017667014,
          1.9447630654918557
        ],
        [
          0.0,
          0.0,
          0.0,
          1.0
        ]
      ]
    },
    {
      "file_path": "./images/frame_0492.jpg",
      "sharpness": 37.92023871480684,
      "transform_matrix": [
        [
          0.9383545074511777,
          0.18821681184631656,
          -0.28994008028338014,
          -1.0465188275417094
        ],
        [
          -0.3451163786343241,
          0.46245947935175613,
          -0.8167165451709893,
          -3.238598533468472
        ],
        [
          -0.019634245743163598,
          0.8664327219994972,
          0.49890764146574446,
          1.8192821590499133
        ],
        [
          0.0,
          0.0,
          0.0,
          1.0
        ]
      ]
    },
    {
      "file_path": "./images/frame_0504.jpg",
      "sharpness": 76.55402668498361,
      "transform_matrix": [
        [
          0.9680130492355647,
          0.1539211606825472,
          -0.19813887269808814,
          -0.6074644118696805
        ],
        [
          -0.2475815953582517,
          0.4579879328933053,
          -0.8537859257237643,
          -3.535331936799069
        ],
        [
          -0.04067050792901772,
          0.8755314555593487,
          0.48144634195432057,
          1.7870610520558583
        ],
