{
  "camera_angle_x": 0.6292791025173697,
  "camera_angle_y": 1.0503556558661644,
  "fl_x": 1106.1580828318265,
  "fl_y": 1104.4811652584742,
  "k1": 0.002862661870586799,
  "k2": -0.023646776645541507,
  "k3": 0,
  "k4": 0,
  "p1": -0.0013860755644439203,
  "p2": -0.0008326116986770802,
  "is_fisheye": false,
  "cx": 348.85789941224635,
  "cy": 646.8103348208892,
  "w": 720.0,
  "h": 1280.0,
  "aabb_scale": 32,
  "frames": [
    {
      "file_path": "./images/frame_0336.jpg",
      "sharpness": 75.59432508492176,
      "transform_matrix": [
        [
          0.04586900854454982,
          0.5637417512704977,
          -0.8246764650454943,
          -3.2957028318104005
        ],
        [
          -0.9981263098211708,
          -0.007602040506572821,
          -0.06071308444572525,
          -0.11270724709772832
        ],
        [
          -0.040495724442559916,
          0.8259161258414336,
          0.5623367758267943,
          2.2787098815257867
        ],
        [
          0.0,
          0.0,
          0.0,
          1.0
        ]
      ]
    },
    {
      "file_path": "./images/frame_0342.jpg",
      "sharpness": 86.54366644436752,
      "transform_matrix": [
        [
          0.11652791801116884,
          0.5590465631525391,
          -0.820906928111608,
          -3.3196573126588604
        ],
        [
          -0.992191259110472,
          0.02851575498545252,
          -0.12142222639365038,
          -0.325308607861217
        ],
        [
          -0.04447189752780863,
          0.8286457578574988,
          0.5580039949546709,
          2.327520614919016
        ],
        [
          0.0,
          0.0,
          0.0,
          1.0
        ]
      ]
    },
    {
      "file_path": "./images/frame_0366.jpg",
      "sharpness": 36.48323459102372,
      "transform_matrix": [
        [
          0.36604742035162624,
          0.5113432421402851,
          -0.7775200157177314,
          -2.9544533415479193
        ],
        [
          -0.9300754980726326,
          0.1730769907986027,
          -0.3240430884019117,
          -1.0764922438887732
        ],
        [
          -0.03112641881047736,
          0.8417674524724043,
          0.5389422066237514,
          2.5015560643973
        ],
        [
          0.0,
          0.0,
          0.0,
          1.0
        ]
      ]
    },
    {
      "file_path": "./images/frame_0348.jpg",
      "sharpness": 79.53002926403916,
      "transform_matrix": [
        [
          0.1835298361105076,
          0.5508411685641318,
          -0.8141810648390637,
          -3.2407197091159836
        ],
        [
          -0.9820018471171491,
          0.0651584152697716,
          -0.17727592385330854,
          -0.5360588947127147
        ],
        [
          -0.044600129126074,
          0.8320627308109044,
          0.552885558273828,
          2.405387089606845
        ],
        [
          0.0,
          0.0,
          0.0,
          1.0
        ]
      ]
    },
    {
      "file_path": "./images/frame_0354.jpg",
      "sharpness": 68.63075950520833,
      "transform_matrix": [
        [
          0.24857277777154957,
          0.53986276703636,
          -0.8042137570255189,
          -3.153756089988052
        ],
        [
          -0.9676769942888895,
          0.101913592001573,
          -0.23068345083547223,
          -0.7234821653314648
        ],
        [
          -0.04257709336198331,
          0.8355607773243298,
          0.5477457243907358,
          2.4649523319191182
        ],
        [
          0.0,
          0.0,
          0.0,
          1.0
        ]
      ]
    },
    {
      "file_path": "./images/frame_0360.jpg",
      "sharpness": 60.83550114608576,
      "transform_matrix": [
        [
          0.30925561043561295,
          0.5257576435020305,
          -0.7924265693322048,
          -3.0318284501712776
        ],
        [
          -0.9502121874946837,
          0.13738200390214525,
          -0.27968372090703325,
          -0.9729790648007199
        ],
        [
          -0.038180703989800856,
          0.8394671437120705,
          0.5420674760037405,
          2.5728189225642812
        ],
        [
          0.0,
          0.0,
          0.0,
          1.0
        ]
      ]
    },
    {
      "file_path": "./images/frame_0378.jpg",
      "sharpness": 61.23408311546113,
      "transform_matrix": [
        [
          0.40827949499849825,
          0.48715033372510824,
          -0.7720054445310643,
          -2.942250129678045
        ],
        [
          -0.9124831631158914,
          0.1935911774851575,
          -0.36041217103468065,
          -1.3109742729489182
        ],
        [
          -0.026121466366414395,
          0.8515908691497478,
          0.523555785610254,
          2.4163242204355964
        ],
        [
          0.0,
          0.0,
          0.0,
          1.0
        ]
      ]
    },
    {
      "file_path": "./images/frame_0372.jpg",
      "sharpness": 65.22980142990744,
      "transform_matrix": [
        [
          0.38927147693929615,
          0.5001410758768972,
          -0.7735157539006675,
          -2.9925919428071293
        ],
        [
          -0.9206259297905228,
          0.1836620915961266,
          -0.3445520766268507,
          -1.1759959889158458
        ],
        [
          -0.030259125055820943,
          0.846242955893456,
          0.5319372566589856,
          2.4279796113880354
        ],
        [
          0.0,
          0.0,
          0.0,
          1.0
        ]
      ]
    },
    {
      "file_path": "./images/frame_0384.jpg",
      "sharpness": 62.24675342971896,
      "transform_matrix": [
        [
          0.4261979597997214,
          0.47536465954630086,
          -0.7696646929587612,
          -2.917256496308621
        ],
        [
          -0.9043263341910259,
          0.20184293301478365,
          -0.3761027940345762,
          -1.406127215246815
        ],
        [
          -0.02343459757593948,
          0.8563222938321696,
          0.515909826222364,
          2.3584689442495836
        ],
        [
          0.0,
          0.0,
          0.0,
          1.0
        ]
      ]
    },
    {
      "file_path": "./images/frame_0390.jpg",
      "sharpness": 58.32800454621374,
      "transform_matrix": [
        [
          0.4514119393196744,
          0.46444769173378764,
          -0.7619157451799553,
          -2.9717411715238593
        ],
        [
          -0.8919951956580382,
          0.21199167036977817,
          -0.39925443343413697,
          -1.4675526732330717
        ],
        [
          -0.023913008521233053,
          0.8598534022752163,
          0.5099806807022432,
          2.218021575904495
        ],
        [
          0.0,
          0.0,
          0.0,
          1.0
        ]
      ]
    },
    {
      "file_path": "./images/frame_0402.jpg",
      "sharpness": 59.46618489579095,
      "transform_matrix": [
        [
          0.5185692638763365,
          0.4439065729126447,
          -0.7307755285708635,
          -2.879952216501772
        ],
        [
          -0.8546474249149124,
          0.24335060206715725,
          -0.4586483005090779,
          -1.783484176871596
        ],
        [
          -0.025762330397528843,
          0.8623963352570482,
          0.5055777520204249,
          1.9674420739986336
        ],
        [
          0.0,
          0.0,
          0.0,
          1.0
        ]
      ]
    },
    {
      "file_path": "./images/frame_0396.jpg",
      "sharpness": 64.11288410913915,
      "transform_matrix": [
        [
          0.4812832139035545,
          0.45416771321392146,
          -0.7497320563768253,
          -2.9551453719924647
        ],
        [
          -0.8762121684896738,
          0.22499249779044192,
          -0.4261814305300576,
          -1.5783770596628275
        ],
        [
          -0.024873757680287614,
          0.862038319495681,
          0.5062323892939383,
          1.9846912633287979
        ],
        [
          0.0,
          0.0,
          0.0,
          1.0
        ]
      ]
    },
    {
      "file_path": "./images/frame_0408.jpg",
      "sharpness": 95.96966182250861,
      "transform_matrix": [
        [
          0.5568495651936866,
          0.43460327954578837,
          -0.7078407668550651,
          -2.7766933033426673
        ],
        [
          -0.8301873015792822,
          0.26392003150293264,
          -0.491055252764905,
          -1.9900546617814703
        ],
        [
          -0.0266008658023649,
          0.8610843201714303,
          0.507765878691937,
          2.0129261043910325
        ],
        [
          0.0,
          0.0,
          0.0,
          1.0
        ]
      ]
    },
    {
      "file_path": "./images/frame_0414.jpg",
      "sharpness": 97.9141297691769,
      "transform_matrix": [
        [
          0.5966925327282715,
          0.4246070675831299,
          -0.6809308772666257,
          -2.765263863414801
        ],
        [
          -0.801967266896104,
          0.285497354519286,
          -0.5247282757672658,
          -2.1634840945804146
        ],
        [
          -0.028399370381372312,
          0.8591857184483904,
          0.5108751090497459,
          1.9930051415626364
        ],
        [
          0.0,
          0.0,
          0.0,
          1.0
        ]
      ]
    },
    {
      "file_path": "./images/frame_0420.jpg",
      "sharpness": 101.13020290746685,
      "transform_matrix": [
        [
          0.6251041935680942,
          0.41540226345030146,
          -0.6608219932585997,
          -2.719648019643188
        ],
        [
          -0.7800347811638867,
          0.30196728693267794,
          -0.548052458982833,
          -2.2729348982334683
        ],
        [
          -0.02811560750122846,
          0.8580540293052299,
          0.5127892310474363,
          2.0811946423115195
        ],
        [
          0.0,
          0.0,
          0.0,
          1.0
        ]
      ]
    },
    {
      "file_path": "./images/frame_0426.jpg",
      "sharpness": 102.61522786441382,
      "transform_matrix": [
        [
          0.6674782587141941,
          0.3989643574851068,
          -0.6287290478979659,
          -2.542726019275823
        ],
        [
          -0.7441766115323004,
          0.32797312357050823,
          -0.5819233635657808,
          -2.4182292480032386
        ],
        [
          -0.02596045113198636,
          0.8563066458546325,
          0.5158148731013266,
          2.1107327008366097
        ],
        [
          0.0,
          0.0,
          0.0,
          1.0
        ]
      ]
    },
    {
      "file_path": "./images/frame_0432.jpg",
      "sharpness": 74.21427082722984,
      "transform_matrix": [
        [
          0.7135822595909119,
          0.3780579803394414,
          -0.5898071908421515,
          -2.336066681409198
        ],
        [
          -0.7001738770778124,
          0.3565014237696865,
          -0.6185978311536623,
          -2.6113632967717537
        ],
        [
          -0.023598743403486118,
          0.854388025672991,
          0.5190994133754245,
          2.110082307636561
        ],
        [
          0.0,
          0.0,
          0.0,
          1.0
        ]
      ]
    },
    {
      "file_path": "./images/frame_0438.jpg",
      "sharpness": 86.18220485861981,
      "transform_matrix": [
        [
          0.7562450053020815,
          0.3582808528640988,
          -0.5474744948369269,
          -2.1316397718203177
        ],
        [
          -0.6537870318883253,
          0.38103843305890894,
          -0.6537371256603604,
          -2.8250718214824597
        ],
        [
          -0.02561267127813827,
          0.8523171610751816,
          0.5223977872053686,
          2.0697098301377723
        ],
        [
          0.0,
          0.0,
          0.0,
          1.0
        ]
      ]
    },
    {
      "file_path": "./images/frame_0456.jpg",
      "sharpness": 39.034893656747144,
      "transform_matrix": [
        [
          0.8603930516488244,
          0.2861411793302864,
          -0.42171912718800875,
          -1.5757760363028244
        ],
        [
          -0.5092786850521387,
          0.4519827010071556,
          -0.7323570570028287,
          -3.0083955035348713
        ],
        [
          -0.01894776180883102,
          0.8448874857268611,
          0.5346083789606217,
          2.259057500727383
        ],
        [
          0.0,
          0.0,
          0.0,
          1.0
        ]
      ]
    },
    {
      "file_path": "./images/frame_0444.jpg",
      "sharpness": 94.96493594727576,
      "transform_matrix": [
        [
          0.7946738781769603,
          0.33717604224081377,
          -0.5047828681248312,
          -1.9156167116830327
        ],
        [
          -0.6064625877759559,
          0.40482730028819486,
          -0.6843376261535438,
          -2.924687284122042
        ],
        [
          -0.0263923666082182,
          0.8499571598258059,
          0.5261903358253478,
          2.0689955745039006
        ],
        [
          0.0,
          0.0,
          0.0,
          1.0
        ]
      ]
    },
    {
      "file_path": "./images/frame_0450.jpg",
      "sharpness": 67.25027214965702,
      "transform_matrix": [
        [
          0.8296399168604969,
          0.31368404236376474,
          -0.4618440537544623,
          -1.7173478491506429
        ],
        [
          -0.5577360627914957,
          0.4285348217096563,
          -0.7108364023065491,
          -2.9983047718061866
        ],
        [
          -0.025061776901500483,
          0.8473253378756984,
          0.5304824966035145,
          2.1970279994230326
        ],
        [
          0.0,
          0.0,
          0.0,
          1.0
        ]
      ]
    },
    {
      "file_path": "./images/frame_0462.jpg",
      "sharpness": 77.8463908836035,
      "transform_matrix": [
        [
          0.8805086745817199,
          0.2665995185782356,
          -0.391955572419268,
          -1.5956041060568995
        ],
        [
          -0.47378725076810435,
          0.468493310466578,
          -0.7456806682874867,
          -3.115197024898205
        ],
        [
          -0.015169543500015507,
          0.8422818499747897,
          0.538823876812611,
          2.1813287468331364
        ],
        [
          0.0,
          0.0,
          0.0,
          1.0
        ]
      ]
    },
    {
      "file_path": "./images/frame_0480.jpg",
      "sharpness": 36.61454535527995,
      "transform_matrix": [
        [
          0.9109711977488935,
          0.2218127030748816,
          -0.34775077526424036,
          -1.4079812829605367
        ],
        [
          -0.41235954853768386,
          0.47025185648354595,
          -0.780270974856543,
          -3.2508472649994324
        ],
        [
          -0.009543566402201307,
          0.854202737225354,
          0.5198524830443385,
          2.0563072354066954
        ],
        [
          0.0,
          0.0,
          0.0,
          1.0
        ]
      ]
    },
    {
      "file_path": "./images/frame_0474.jpg",
      "sharpness": 71.76081700586272,
      "transform_matrix": [
        [
          0.9020244553561075,
          0.23706342965716604,
          -0.36076697788048684,
          -1.5072387244853167
        ],
        [
          -0.4315170517565811,
          0.4718565964066101,
          -0.7688591460539975,
          -3.139221583681896
        ],
        [
          -0.012038107808255259,
          0.8492068551310384,
          0.5279231016248229,
          2.1292719813841954
        ],
        [
          0.0,
          0.0,
          0.0,
          1.0
        ]
      ]
    },
    {
      "file_path": "./images/frame_0468.jpg",
      "sharpness": 68.23947157075553,
      "transform_matrix": [
        [
          0.8921127365866273,
          0.2513108776969076,
          -0.3754699828767261,
          -1.5750389153733702
        ],
        [
          -0.4516214804154352,
          0.47182192861959127,
          -0.7572463972189402,
          -3.1255947945590665
        ],
        [
          -0.013149285258251073,
          0.8451194652116979,
          0.5344157425523838,
          2.161961877416006
        ],
        [
          0.0,
          0.0,
          0.0,
          1.0
        ]
      ]
    },
    {
      "file_path": "./images/frame_0486.jpg",
      "sharpness": 91.91586587501334,
      "transform_matrix": [
        [
          0.9227694059102004,
          0.2049123926386285,
          -0.32635492171800967,
          -1.2492582530988203
        ],
        [
          -0.38521406879856285,
          0.4678026634830652,
          -0.7954689115470267,
          -3.2525468937770285
        ],
        [
          -0.010331736314254483,
          0.8597508821957144,
          0.510609122381052,
          1.9469666193949349
        ],
        [
          0.0,
          0.0,
          0.0,
          1.0
        ]
      ]
    },
    {
      "file_path": "./images/frame_0492.jpg",
      "sharpness": 37.92023871480684,
      "transform_matrix": [
        [
          0.9382701885442662,
          0.18815943619147366,
          -0.29025003002848004,
          -1.0461599362394876
        ],
        [
          -0.3453721116895883,
          0.46312044294690036,
          -0.8162337654077697,
          -3.236658799100227
        ],
        [
          -0.019161362627428662,
          0.8660920747542472,
          0.49951712713426394,
          1.8214586322389519
        ],
        [
          0.0,
          0.0,
          0.0,
          1.0
        ]
      ]
    },
    {
      "file_path": "./images/frame_0504.jpg",
      "sharpness": 76.55402668498361,
      "transform_matrix": [
        [
          0.9679433398228604,
          0.15380047464818153,
          -0.1985726692193061,
          -0.6080625777037618
        ],
        [
          -0.24792002949225106,
          0.45829989729551873,
          -0.8535202769211067,
          -3.534746199868512
        ],
        [
          -0.040265989803408536,
          0.8753894094587547,
          0.48173855143939803,
          1.788396875442617
        ],
        [
          0.0,
          0.0,
          0.0,
          1.0
        ]
      ]
    },
    {
      "file_path": "./images/frame_0498.jpg",
      "sharpness": 104.75468532833526,
      "transform_matrix": [
        [
          0.9538339238269271,
          0.17124858649917826,
          -0.2467281245607824,
          -0.8739968354081913
        ],
        [
          -0.2988180138710834,
          0.4586703680626691,
          -0.8368567906442547,
          -3.3358701207565913
        ],
        [
          -0.030143662796361232,
          0.8719492044488087,
          0.4886675194082715,
          1.781135215254307
        ],
        [
          0.0,
          0.0,
          0.0,
          1.0
        ]
      ]
    },
    {
      "file_path": "./images/frame_0510.jpg",
      "sharpness": 77.10528317260625,
      "transform_matrix": [
        [
          0.9788684140810772,
          0.1373075361755032,
          -0.15153636030382192,
          -0.3031770319697874
        ],
        [
          -0.1984916466410711,
          0.4598031981342344,
          -0.8655530516376513,
          -3.663008844871025
        ],
        [
          -0.04917005384823506,
          0.8773412446422848,
          0.47734122629876957,
          1.8358771509154246
        ],
        [
          0.0,
          0.0,
          0.0,
          1.0
        ]
      ]
    },
    {
      "file_path": "./images/frame_0516.jpg",
      "sharpness": 71.11963757927037,
      "transform_matrix": [
        [
          0.9880856155766025,
          0.11355465230762422,
          -0.10388530839450372,
          -0.027916947698366824
        ],
        [
          -0.14541098337636377,
          0.46765130070026667,
          -0.8718703498037265,
          -3.7037322328440863
        ],
        [
          -0.05042283483495075,
          0.8765886161408045,
          0.47859161698663466,
          1.7570357910651533
        ],
        [
          0.0,
          0.0,
          0.0,
          1.0
        ]
      ]
    },
    {
      "file_path": "./images/frame_0534.jpg",
      "sharpness": 40.288436411623316,
      "transform_matrix": [
        [
          0.9990804104739873,
          0.03453796883498951,
          0.025405947850895803,
          0.5042912853458233
        ],
        [
          0.005715610890989122,
          0.47997490636407286,
          -0.8772635983858824,
          -3.719840508506406
        ],
        [
          -0.04249312026194651,
          0.8766020864814872,
          0.4793361208766057,
          1.812307069706415
        ],
        [
          0.0,
          0.0,
          0.0,
          1.0
        ]
      ]
    },
    {
      "file_path": "./images/frame_0528.jpg",
      "sharpness": 62.17995658026805,
      "transform_matrix": [
        [
          0.9974376236511517,
          0.06809618581308456,
          -0.021933911488217994,
          0.36219901175180824
        ],
        [
          -0.05179634718240645,
          0.4758870443774495,
          -0.8779798741498914,
          -3.743677158601983
        ],
        [
          -0.04934901634049502,
          0.8768662557801172,
          0.47819477635238583,
          1.7879565189264
        ],
        [
          0.0,
          0.0,
          0.0,
          1.0
        ]
      ]
    },
    {
      "file_path": "./images/frame_0522.jpg",
      "sharpness": 78.80830186518797,
      "transform_matrix": [
        [
          0.9947720798646007,
          0.08696729235294413,
          -0.05352755601532041,
          0.24080517603626092
        ],
        [
          -0.08858369672574,
          0.47408394647944346,
          -0.8760121804888801,
          -3.7547381704371867
        ],
        [
          -0.05080785240417381,
          0.8761741275601792,
          0.4793093577206265,
          1.715724010406723
        ],
        [
          0.0,
          0.0,
          0.0,
          1.0
        ]
      ]
    },
    {
      "file_path": "./images/frame_0540.jpg",
      "sharpness": 40.42111002505151,
      "transform_matrix": [
        [
          0.9975687206799262,
          0.0033143029878711316,
          0.06961079648330401,
          0.5932508167026099
        ],
        [
          0.05954791014366061,
          0.4783701105113598,
          -0.876137023396955,
          -3.7131765703111808
        ],
        [
          -0.036203507960930865,
          0.8781520670244354,
          0.4770096993378215,
          1.847501861464472
        ],
        [
          0.0,
          0.0,
          0.0,
          1.0
        ]
      ]
    },
    {
      "file_path": "./images/frame_0546.jpg",
      "sharpness": 46.03811631906297,
      "transform_matrix": [
        [
          0.993149494430973,
          -0.025659111205753725,
          0.11399864821107811,
          0.6261225130072631
        ],
        [
          0.11259137147014134,
          0.47113692091670606,
          -0.8748446632514839,
          -3.6106683763172516
        ],
        [
          -0.031261235604704195,
          0.8816867991616739,
          0.4707983893375529,
          1.9412841102064364
        ],
        [
          0.0,
          0.0,
          0.0,
          1.0
        ]
      ]
    },
    {
      "file_path": "./images/frame_0558.jpg",
      "sharpness": 65.7160449192742,
      "transform_matrix": [
        [
          0.9781693671017888,
          -0.0761310550088435,
          0.193361712335319,
          0.876657560184141
        ],
        [
          0.2065619644933032,
          0.4579956922976595,
          -0.8646225191732285,
          -3.617392353712577
        ],
        [
          -0.02273420673581337,
          0.8856884375194033,
          0.46372313675172167,
          1.924839375941522
        ],
        [
          0.0,
          0.0,
          0.0,
          1.0
        ]
      ]
    },
    {
      "file_path": "./images/frame_0552.jpg",
      "sharpness": 56.80036336770587,
      "transform_matrix": [
        [
          0.986771462984314,
          -0.050394480544017586,
          0.15408593784254082,
          0.695977365434107
        ],
        [
          0.15973216421351497,
          0.4646701825753852,
          -0.8709576666756137,
          -3.6179584479506253
        ],
        [
          -0.02770768168164569,
          0.884048651269358,
          0.46657289530681306,
          1.9891943197655744
        ],
        [
          0.0,
          0.0,
          0.0,
          1.0
        ]
      ]
    },
    {
      "file_path": "./images/frame_0570.jpg",
      "sharpness": 65.54485347619585,
      "transform_matrix": [
        [
          0.9510514976419077,
          -0.12597310798128467,
          0.28219111426290555,
          1.3188937692796316
        ],
        [
          0.30847838782710546,
          0.4416442346539815,
          -0.8424912190880648,
          -3.492599721869258
        ],
        [
          -0.01849684136933023,
          0.888302395650816,
          0.4588863920522198,
          1.9559220884459665
        ],
        [
          0.0,
          0.0,
          0.0,
          1.0
        ]
      ]
    },
    {
      "file_path": "./images/frame_0564.jpg",
      "sharpness": 59.04192050844827,
      "transform_matrix": [
        [
          0.9668580327147704,
          -0.09997362053596373,
          0.23492726500381989,
          1.1098819677900666
        ],
        [
          0.2545128657051483,
          0.45026735658446876,
          -0.8558519198932678,
          -3.58734345858541
        ],
        [
          -0.020217463528503364,
          0.8872793150115594,
          0.4607891832404668,
          1.9045602406060964
        ],
        [
          0.0,
          0.0,
          0.0,
          1.0
        ]
      ]
    },
    {
      "file_path": "./images/frame_0582.jpg",
      "sharpness": 86.01981010393568,
      "transform_matrix": [
        [
          0.8989613813833165,
          -0.19157974435493486,
          0.39391069597640666,
          1.8768892851031014
        ],
        [
          0.43791695280335496,
          0.41331652242726813,
          -0.7983722156588732,
          -3.313894683214857
        ],
        [
          -0.009857854031863419,
          0.8902059615053965,
          0.45545160981652444,
          2.0061874322478297
        ],
        [
          0.0,
          0.0,
          0.0,
          1.0
        ]
      ]
    },
    {
      "file_path": "./images/frame_0576.jpg",
      "sharpness": 62.510486110640144,
      "transform_matrix": [
        [
          0.9296935883979552,
          -0.15535862735557626,
          0.3339663585875751,
          1.605890589607526
        ],
        [
          0.36801245522613324,
          0.42966018035903564,
          -0.8245962419343655,
          -3.450158624143083
        ],
        [
          -0.015383905595098054,
          0.8895256187301738,
          0.456626224763392,
          1.9939817556223032
        ],
        [
          0.0,
          0.0,
          0.0,
          1.0
        ]
      ]
    },
    {
      "file_path": "./images/frame_0588.jpg",
      "sharpness": 51.56016927081449,
      "transform_matrix": [
        [
          0.8584412804584612,
          -0.23055819673690536,
          0.4581718956817229,
          2.1176791060590334
        ],
        [
          0.5128995566252663,
          0.39205248012343663,
          -0.7636942435573755,
          -3.1203475617630803
        ],
        [
          -0.0035514603719324594,
          0.8905828264714633,
          0.45480722992675815,
          2.0533131976801986
        ],
        [
          0.0,
          0.0,
          0.0,
          1.0
        ]
      ]
    },
    {
      "file_path": "./images/frame_0600.jpg",
      "sharpness": 32.06133459894628,
      "transform_matrix": [
        [
          0.7570066000120109,
          -0.31479676807009455,
          0.57257663454004,
          2.4864636741443813
        ],
        [
          0.6530789447959221,
          0.33675103213439334,
          -0.678296862900508,
          -2.835040739075051
        ],
        [
          0.020709887575768103,
          0.8874129462833364,
          0.46050989500297645,
          2.3540968968784846
        ],
        [
          0.0,
          0.0,
          0.0,
          1.0
        ]
      ]
    },
    {
      "file_path": "./images/frame_0594.jpg",
      "sharpness": 39.24855793643411,
      "transform_matrix": [
        [
          0.811460964907856,
          -0.2705556471514491,
          0.5180065098969238,
          2.2948182091699727
        ],
        [
          0.5843798265717937,
          0.367166705901156,
          -0.7236634772970232,
          -2.934019867382783
        ],
        [
          0.005596496545756124,
          0.8899372179726411,
          0.4560487116129744,
          2.163307684606295
        ],
        [
          0.0,
          0.0,
          0.0,
          1.0
        ]
      ]
    },
    {
      "file_path": "./images/frame_0606.jpg",
      "sharpness": 25.012938358937948,
      "transform_matrix": [
        [
          0.6990310045857111,
          -0.3588356137680014,
          0.6185407480432904,
          2.5542884636966514
        ],
        [
          0.7140165702053124,
          0.30284254090918455,
          -0.6312422141206308,
          -2.709255355023379
        ],
        [
          0.03919173554695085,
          0.8829062225237513,
          0.4679108998131832,
          2.3255845490466585
        ],
        [
          0.0,
          0.0,
          0.0,
          1.0
        ]
      ]
    },
    {
      "file_path": "./images/frame_0612.jpg",
      "sharpness": 26.538758676594878,
      "transform_matrix": [
        [
          0.641808709641133,
          -0.3938024523397988,
          0.6580282735796876,
          2.625979966336444
        ],
        [
          0.7652480423921534,
          0.2731992607525748,
          -0.5828872940279525,
          -2.695425704217912
        ],
        [
          0.04976960792965337,
          0.8776569902418362,
          0.4766982207607817,
          2.192982640658506
        ],
        [
          0.0,
          0.0,
          0.0,
          1.0
        ]
      ]
    },
    {
      "file_path": "./images/frame_0618.jpg",
      "sharpness": 38.80804904343874,
      "transform_matrix": [
        [
          0.6150471435756116,
          -0.40552260848394234,
          0.6762162562806222,
          2.682193241548951
        ],
        [
          0.7865297653612292,
          0.25509341378368733,
          -0.5624040170953609,
          -2.6354592254622746
        ],
        [
          0.05556923076370985,
          0.8777691976357977,
          0.4758500775921573,
          2.0378451363929297
        ],
        [
          0.0,
          0.0,
          0.0,
          1.0
        ]
      ]
    },
    {
      "file_path": "./images/frame_0630.jpg",
      "sharpness": 33.24521591990788,
      "transform_matrix": [
        [
          0.5620506519042998,
          -0.4235250365353739,
          0.7104404325430683,
          2.8666452037024066
        ],
        [
          0.8250385283121372,
          0.22643642715236892,
          -0.5177238368657731,
          -2.4480984178861007
        ],
        [
          0.05839941367417463,
          0.8771277489355744,
          0.47669321434235834,
          1.8743676311164683
        ],
        [
          0.0,
          0.0,
          0.0,
          1.0
        ]
      ]
    },
    {
      "file_path": "./images/frame_0624.jpg",
      "sharpness": 44.09496743418375,
      "transform_matrix": [
        [
          0.5852168694274829,
          -0.416529557696773,
          0.6957185805861067,
          2.8005231589253765
        ],
        [
          0.808818246688546,
          0.23875233345792504,
          -0.5374107991956129,
          -2.553700554012649
        ],
        [
          0.057743047945449426,
          0.8772117480400766,
          0.4766185997050129,
          1.9193410011531145
        ],
        [
          0.0,
          0.0,
          0.0,
          1.0
        ]
      ]
    },
    {
      "file_path": "./images/frame_0636.jpg",
      "sharpness": 57.142632365243244,
      "transform_matrix": [
        [
          0.5257153388435715,
          -0.4328117124449805,
          0.7323232920953371,
          2.9595198367780484
        ],
        [
          0.8487746381178958,
          0.2095949275556684,
          -0.48543957402623633,
          -2.2265041938407912
        ],
        [
          0.05661268596880654,
          0.8767804673808074,
          0.4775468729634974,
          1.7849421600775512
        ],
        [
          0.0,
          0.0,
          0.0,
          1.0
        ]
      ]
    },
    {
      "file_path": "./images/frame_0648.jpg",
      "sharpness": 60.95816079956695,
      "transform_matrix": [
        [
          0.439062232089062,
          -0.4466480142172193,
          0.7795703353893768,
          3.2629925369095094
        ],
        [
          0.8969815405421409,
          0.16821152233963393,
          -0.40881413830594865,
          -1.7574835681549645
        ],
        [
          0.051463310171609544,
          0.8787550484726929,
          0.47449035033418807,
          1.7633953549674923
        ],
        [
          0.0,
          0.0,
          0.0,
          1.0
        ]
      ]
    }
  ]
}